0	0
0.0005	1.31080068296728
0.001	2.50228205589865
0.0015	3.47980357288235
0.002	4.19248790251572
0.0025	4.64239690375564
0.003	4.88175204000724
0.0035	4.99888684889599
0.004	5.09619503548295
0.0045	5.26516496607344
0.005	5.56425137611421
0.0055	6.00467694512579
0.006	6.54743101185449
0.0065	7.11215849094172
0.007	7.5958989521777
0.0075	7.89737018080713
0.008	7.94121160668898
0.0085	7.69660397362412
0.009	7.18596249365373
0.0095	6.48166824455377
0.01	5.69153742177316
0.0105	4.93630385958762
0.011	4.32421700733057
0.0115	3.928516863903
0.012	3.77288823122766
0.0125	3.82817004676968
0.013	4.02101991385934
0.0135	4.25249924531197
0.014	4.42227705620322
0.0145	4.45286968270718
0.015	4.30833281291108
0.0155	4.00310121444576
0.016	3.59893722873622
0.0165	3.19068221737454
0.017	2.88407934623217
0.0175	2.77076143400642
0.018	2.90615568783551
0.0185	3.29539702336272
0.019	3.89051434625134
0.0195	4.59957809153121
0.02	5.30576246609644
0.0205	5.89200860726322
0.021	6.26569454998874
0.0215	6.37771772360691
0.022	6.23167567999898
0.0225	5.88109766091221
0.023	5.41541415729051
0.0235	4.93792741645909
0.024	4.54087293087811
0.0245	4.28332186606539
0.025	4.17701613410634
0.0255	4.18340237282654
0.026	4.22255683792048
0.0265	4.19196010088641
0.027	3.99081481582318
0.0275	3.54432092697323
0.028	2.82232373759682
0.0285	1.84803122351157
0.029	0.694764599161086
0.0295	-0.528558872707962
0.03	-1.69993588711285
0.0305	-2.70967804864111
0.031	-3.48294241508984
0.0315	-3.99428925085139
0.032	-4.27099103786809
0.0325	-4.38439226705764
0.033	-4.43135407850342
0.0335	-4.51008505288288
0.034	-4.69594008611347
0.0345	-5.02277005999213
0.035	-5.47412593448508
0.0355	-5.98635513838963
0.036	-6.46289498126488
0.0365	-6.79649359811737
0.037	-6.89426361310879
0.0375	-6.6998156552846
0.038	-6.20737905305506
0.0385	-5.46464444718749
0.039	-4.56363925727091
0.0395	-3.62168192141413
0.04	-2.75672821099717
0.0405	-2.06270340451825
0.041	-1.59041444656185
0.0415	-1.33835641125914
0.042	-1.25546085814167
0.0425	-1.25509929312356
0.043	-1.23707930586475
0.0435	-1.11254402595781
0.044	-0.826025749486681
0.0445	-0.369562952361109
0.045	0.214384555243761
0.0455	0.841913258968889
0.046	1.40650412475036
0.0465	1.80339346342648
0.047	1.95389972297096
0.0475	1.82412054445078
0.048	1.43369544642255
0.0485	0.852597217214604
0.049	0.18665019007439
0.0495	-0.444950342610413
0.05	-0.935016242685415
0.0505	-1.21088118972844
0.051	-1.2489497202556
0.0515	-1.07800472497081
0.052	-0.770572788181754
0.0525	-0.424381129721599
0.053	-0.138206982979245
0.0535	0.0122992765652285
0.054	-0.0067647100211791
0.0545	-0.178790600728093
0.055	-0.439792062999971
0.0555	-0.692736577820105
0.056	-0.829805782852168
0.0565	-0.757488459413022
0.057	-0.418752226474095
0.0575	0.192799762942345
0.058	1.03005335038546
0.0585	2.00147906949993
0.059	2.99015386129103
0.0595	3.87839614450996
0.06	4.57242095098888
0.0605	5.02142133614331
0.061	5.2267619155117
0.0615	5.23923693943128
0.062	5.14507952287384
0.0625	5.04398412294575
0.063	5.02423112773796
0.0635	5.14066206577852
0.064	5.40059545108367
0.0645	5.76094763063342
0.065	6.13724859272587
0.0655	6.42250947472132
0.066	6.51163282610518
0.0665	6.32577779287459
0.067	5.83109349323261
0.0675	5.04751492529844
0.068	4.04558353011188
0.0685	2.93198972067018
0.069	1.82711088275099
0.0695	0.839645563270275
0.07	0.0441043547740045
0.0705	-0.533740657473252
0.071	-0.920172106917297
0.0715	-1.18490856527077
0.072	-1.42258432286764
0.0725	-1.72862818698152
0.073	-2.17512207583147
0.0735	-2.79222068615723
0.074	-3.55943417967969
0.0745	-4.40880988058275
0.075	-5.23931566428756
0.0755	-5.93915339840424
0.076	-6.41090541624894
0.0765	-6.59375894879794
0.077	-6.47771368747173
0.0775	-6.10650516866842
0.078	-5.56855302175819
0.0785	-4.97797830887773
0.079	-4.45000180999702
0.0795	-4.07631586727151
0.08	-3.90602305136726
0.0805	-3.93645543329041
0.081	-4.11592185400755
0.0815	-4.35769655354394
0.082	-4.56198722017436
0.0825	-4.64079391937724
0.083	-4.53991087857101
0.0835	-4.25298174755576
0.084	-3.82434473649244
0.0845	-3.33997855620497
0.085	-2.90859339818189
0.0855	-2.63717694271547
0.086	-2.60658431621151
0.0865	-2.85275983058279
0.087	-3.35789725561854
0.0875	-4.05357755452589
0.088	-4.83518776140887
0.0885	-5.58434839624185
0.089	-6.1942494927014
0.0895	-6.59213539192647
0.09	-6.75383695195437
0.0905	-6.70707575230998
0.091	-6.52283983541293
0.0915	-6.29686455889493
0.092	-6.12551886669727
0.0925	-6.08167744081542
0.093	-6.19615953744852
0.0935	-6.44903583270093
0.094	-6.7728385196107
0.0945	-7.066976475307
0.095	-7.22008290845306
0.0955	-7.13519745144427
0.096	-6.7520265678218
0.0965	-6.06118637907721
0.097	-5.10715954776345
0.0975	-3.97927424551484
0.098	-2.79274848778653
0.0985	-1.66411083289064
0.099	-0.686589315906936
0.0995	0.0889387317618987
0.1	0.663122658240795
0.1005	1.08539317521107
0.101	1.43998252571743
0.1015	1.8239720405435
0.102	2.32245541714489
0.1025	2.98656537141679
0.103	3.81945250982603
0.1035	4.77347934113978
0.104	5.75931769372375
0.1045	6.66490438080262
0.105	7.37994411610592
0.1055	7.8203696851175
0.106	7.94717042658367
0.1065	7.77528114918252
0.107	7.37049144442149
0.1075	6.83507065062592
0.108	6.28538007435013
0.1085	5.82657148825329
0.109	5.53013096131488
0.1095	5.41936871437255
0.11	5.46612991401695
0.1105	5.59942651782842
0.111	5.72395642205975
0.1115	5.74420960389471
0.112	5.58858097121937
0.1125	5.22790946149887
0.113	4.68414257210013
0.1135	4.02709173755576
0.114	3.359977526022
0.1145	2.79703815036833
0.115	2.43830032754025
0.1155	2.34726968210691
0.116	2.53663769855501
0.1165	2.96527470961833
0.117	3.54720200447296
0.1175	4.1705008487356
0.118	4.72184842782722
0.1185	5.11108976335443
0.119	5.29025376098052
0.1195	5.262700749772
0.12	5.08035495834023
0.1205	4.829709077082
0.121	4.60986301764989
0.1215	4.50768523823608
0.122	4.57584414766013
0.1225	4.818798130731
0.123	5.1900066495343
0.1235	5.60105007469989
0.124	5.94061234560729
0.1245	6.0990146060571
0.125	5.99270887409805
0.1255	5.58314178755572
0.126	4.88567949616128
0.1265	3.9665525931302
0.127	2.92851528564197
0.1275	1.88848939463439
0.128	0.952291252225992
0.1285	0.192199691172718
0.129	-0.367534931020128
0.1295	-0.753966380464173
0.13	-1.03681322887206
0.1305	-1.30993863391192
0.131	-1.66724967509813
0.1315	-2.17859651085968
0.132	-2.87125162313891
0.1325	-3.72126960881685
0.133	-4.65676158625963
0.1335	-5.57238458306409
0.134	-6.35177161845232
0.1345	-6.89280254536296
0.135	-7.12995746682393
0.1355	-7.04865466857084
0.136	-6.68830248902109
0.1365	-6.13337093987657
0.137	-5.49452419837961
0.1375	-4.88412291529289
0.138	-4.39168631306335
0.1385	-4.06490503245831
0.139	-3.90051659903011
0.1395	-3.84708942917034
0.14	-3.81902774117838
0.1405	-3.7185349368571
0.141	-3.46044693193268
0.1415	-2.99418794359799
0.142	-2.31776038832288
0.1425	-1.48050680087977
0.143	-0.573956647623959
0.1435	0.287195388771376
0.144	0.98966699050503
0.1445	1.4461297876306
0.145	1.61412396997294
0.1455	1.50503591720968
0.146	1.18109661699415
0.1465	0.741093933245268
0.147	0.298068190632107
0.1475	-0.0459119409200476
0.148	-0.2221360859163
0.1485	-0.209702312966611
0.149	-0.0387573176818207
0.1495	0.218172315630382
0.15	0.464723172043769
0.1505	0.604811550263274
0.151	0.566743019736106
0.1515	0.321734689758369
0.152	-0.107450129940958
0.1525	-0.649788637477809
0.153	-1.20050651316046
0.1535	-1.64353225577362
0.154	-1.87679719539201
0.1545	-1.83462213306694
0.155	-1.50209159318119
0.1555	-0.918144085576316
0.156	-0.166683124611373
0.1565	0.642250955316161
0.157	1.39694051351761
0.1575	2.00849250293405
0.158	2.42979276511464
0.1585	2.66460172774073
0.159	2.76474635353482
0.1595	2.81609661432875
0.16	2.91658941865003
0.1605	3.15138885077248
0.161	3.57093038317285
0.1615	4.17693740925007
0.162	4.91967201511763
0.1625	5.70710678118655
0.163	6.42397054246715
0.1635	6.95635480577023
0.164	7.21628819107538
0.1645	7.1606870453626
0.165	6.80037125096667
0.1655	6.1971019669651
0.166	5.44933329592397
0.1665	4.66994626053574
0.167	3.96106100786178
0.1675	3.39168339295959
0.168	2.98328399993067
0.1685	2.70658221291397
0.169	2.49023354099178
0.1695	2.23938497799946
0.17	1.85979709476571
0.1705	1.28195208251846
0.171	0.479567307811887
0.1715	-0.521785907029977
0.172	-1.64799183062385
0.1725	-2.79092771716274
0.173	-3.83095360817032
0.1735	-4.66225317152806
0.174	-5.21526571201854
0.1745	-5.47110941076397
0.175	-5.46472317204377
0.1755	-5.27603074016344
0.176	-5.01116600151976
0.1765	-4.77806620880623
0.177	-4.66202094748002
0.1775	-4.70676575393924
0.178	-4.90543036351739
0.1785	-5.20338581663394
0.179	-5.51230134017824
0.1795	-5.73214739961036
0.18	-5.77605553673809
0.1805	-5.59228696562926
0.181	-5.17822138418876
0.1815	-4.58310406130015
0.182	-3.89886456193357
0.1825	-3.24105450464806
0.183	-2.7242181385793
0.1835	-2.43728900756405
0.184	-2.42460532176325
0.1845	-2.67685589796417
0.185	-3.1340009059381
0.1855	-3.69947647289668
0.186	-4.26241584855036
0.1865	-4.72279231595362
0.187	-5.01372878795739
0.1875	-5.11587708470711
0.188	-5.06059526916508
0.1885	-4.92122573800105
0.189	-4.79451007797221
0.1895	-4.77644265193476
0.19	-4.93814421196266
0.1905	-5.3073363375808
0.191	-5.85971717717214
0.1915	-6.52227206665114
0.192	-7.18781839687848
0.1925	-7.73750897315427
0.193	-8.06619202281935
0.1935	-8.10486736503978
0.194	-7.83513804979192
0.1945	-7.29238398306321
0.195	-6.55696025021226
0.1955	-5.73545803671509
0.196	-4.93633382783009
0.1965	-4.2454936390855
0.197	-3.70742013303427
0.1975	-3.31615158727405
0.198	-3.01815599554274
0.1985	-2.72641036307185
0.199	-2.34242084824579
0.1995	-1.78109375360893
0.2	-0.992708874098054
0.2005	0.0230936450298597
0.201	1.21457501796122
0.2015	2.48709469878429
0.202	3.72219483187407
0.2025	4.8022581114085
0.203	5.63514524981774
0.2035	6.17321875586897
0.204	6.42244035196454
0.2045	6.43949687304641
0.205	6.3176445859247
0.2055	6.16453815277865
0.206	6.07713794121285
0.2065	6.11944961684367
0.207	6.30819191424028
0.2075	6.6096631428697
0.208	6.94850273259093
0.2085	7.22631090298247
0.209	7.34582370130659
0.2095	7.23506145436426
0.21	6.86586932874613
0.2105	6.26254917606921
0.211	5.49854891430354
0.2115	4.6819100737135
0.212	3.93274943888052
0.2125	3.35787697612804
0.213	3.02831103976128
0.2135	2.96479220737455
0.214	3.13457001826579
0.2145	3.46016080860912
0.215	3.83803974226943
0.2155	4.16296242209862
0.216	4.35233043854672
0.2165	4.36501412434752
0.217	4.21032466271376
0.2175	3.94509334097939
0.218	3.65954889764601
0.2185	3.45525823101558
0.219	3.42022127560969
0.2195	3.60686921743315
0.22	4.01805542815902
0.2205	4.60430156932579
0.221	5.27298567589068
0.2215	5.90742465296527
0.222	6.39153688765184
0.2225	6.63449087072271
0.223	6.58974606426349
0.2235	6.26417273294068
0.224	5.71520483785108
0.2245	5.03671507587589
0.225	4.3368773417592
0.2255	3.71310930218489
0.226	3.22984796382243
0.2265	2.90425306294898
0.227	2.70310777788576
0.2275	2.55161205287518
0.228	2.35203066695518
0.2285	2.00789243116443
0.229	1.44815780897158
0.2295	0.64577303426501
0.23	-0.373690570631263
0.2305	-1.53534614166813
0.231	-2.72954920527934
0.2315	-3.83442804319853
0.232	-4.74128410850974
0.2325	-5.3771011411557
0.233	-5.71906111644085
0.2335	-5.7977920908203
0.234	-5.68864896021153
0.2345	-5.49306313063378
0.235	-5.31426472683222
0.2355	-5.23296192857913
0.236	-5.28856307429191
0.2365	-5.47024828163578
0.237	-5.71993170613582
0.2375	-5.94642244547411
0.238	-6.0475178454022
0.2385	-5.93493751782914
0.239	-5.55634813136896
0.2395	-4.90938895935155
0.24	-4.04443524893459
0.2405	-3.0554122786163
0.241	-2.06070751720349
0.2415	-1.17849520360628
0.242	-0.502067648331171
0.2425	-0.0807673861505861
0.243	0.0891660106168366
0.2435	0.061787881015165
0.244	-0.0726325396761845
0.2445	-0.209701744708248
0.245	-0.255908515397886
0.2455	-0.150795615129165
0.246	0.118797086812937
0.2465	0.515686425489057
0.247	0.961190848872902
0.2475	1.35382747380914
0.248	1.59355665407541
0.2485	1.6059904270251
0.249	1.36098209704736
0.2495	0.881294973871178
0.25	0.239315664287558
0.2505	-0.45748797991794
0.251	-1.08908851260274
0.2515	-1.54829779561246
0.252	-1.76328166227981
0.2525	-1.71208816765902
0.253	-1.42591402091667
0.2535	-0.980409597532825
0.254	-0.477057780662825
0.2545	-0.0189293930752322
0.255	0.313601146810525
0.2555	0.481595329152867
0.256	0.496439533629422
0.2565	0.416843447559951
0.257	0.334640983336401
0.2575	0.352660970595206
0.258	0.559760279743811
0.2585	1.00877019540188
0.259	1.70244682335361
0.2595	2.59068910657253
0.26	3.57971207689082
0.2605	4.55112826550166
0.261	5.38662312316456
0.2615	5.99263014924178
0.262	6.31941142984681
0.2625	6.37022943942734
0.263	6.19856303471093
0.2635	5.89405527558902
0.264	5.56045665873653
0.2645	5.29065455999177
0.265	5.14453971862782
0.2655	5.13480243678389
0.266	5.22392578816776
0.2665	5.33306891877653
0.267	5.36080042259096
0.2675	5.2073761329513
0.268	4.79897673992238
0.2685	4.10632162764315
0.269	3.15335619923258
0.2695	2.01397747024325
0.27	0.797497564584501
0.2705	-0.373879449820391
0.271	-1.39046517755894
0.2715	-2.17761743936883
0.272	-2.71029136080506
0.2725	-3.01633522491895
0.273	-3.16783094992952
0.2735	-3.26251375679887
0.274	-3.39957297202683
0.2745	-3.65541667077226
0.275	-4.06498375731459
0.2755	-4.61290808192265
0.276	-5.23657350927597
0.2765	-5.84036573898744
0.277	-6.31785247981887
0.2775	-6.57679823931007
0.278	-6.56126189585624
0.2785	-6.26568534681515
0.279	-5.73770884793445
0.2795	-5.06902474136956
0.28	-4.3763161220089
0.2805	-3.77659422563755
0.281	-3.36252864419705
0.2815	-3.18336464657096
0.282	-3.23574190369277
0.2825	-3.46646201240427
0.283	-3.78651766876052
0.2835	-4.0931205399029
0.284	-4.29463780713408
0.2845	-4.33268743030302
0.285	-4.19630043611932
0.2855	-3.92488398065289
0.286	-3.59929319030956
0.2865	-3.32305290122444
0.287	-3.19803604796568
0.2875	-3.3001843447154
0.288	-3.6608558544359
0.2885	-4.25810307976026
0.289	-5.01991758572842
0.2895	-5.83874218211597
0.29	-6.59397574430151
0.2905	-7.17736882295163
0.291	-7.51554870951099
0.2915	-7.58457159683236
0.292	-7.41322590463469
0.2925	-7.07438631491347
0.293	-6.66645260809017
0.2935	-6.28917462504807
0.294	-6.01944530980021
0.2945	-5.89264456833403
0.295	-5.89383759197147
0.2955	-5.9608655444713
0.296	-5.9986333580113
0.2965	-5.90132517142435
0.297	-5.5774526184051
0.2975	-4.9719831196129
0.298	-4.08045552572396
0.2985	-2.95181787082806
0.299	-1.67929819000499
0.2995	-0.381354338879748
0.3	0.822983865893656
0.3005	1.83878638502157
0.301	2.61431443269041
0.3015	3.15021735702509
0.302	3.49678732411786
0.3025	3.73995858122728
0.303	3.97931371747889
0.3035	4.30318627049814
0.304	4.76660881962569
0.3045	5.3771973428652
0.305	6.09223707816849
0.3055	6.82766081101944
0.306	7.47687735594203
0.3065	7.93514235683538
0.307	8.12388465423199
0.3075	8.00940255759889
0.308	7.61162539083172
0.3085	7.00090339522626
0.309	6.28352417112538
0.3095	5.57922992202542
0.31	4.9958368433753
0.3105	4.60671764373036
0.311	4.43624938412232
0.3115	4.45650256595728
0.312	4.59587209712132
0.3125	4.75761639085722
0.313	4.844003779753
0.3135	4.78048494736626
0.314	4.53430943299498
0.3145	4.12328346684992
0.315	3.61263223451322
0.3155	3.10066289191741
0.316	2.69649890620787
0.3165	2.49498163897669
0.317	2.55449313037491
0.3175	2.88279381079817
0.318	3.4341413898898
0.3185	4.11838088925638
0.319	4.81996069033887
0.3195	5.42256195742486
0.32	5.83374816815073
0.3205	6.00404098405498
0.321	5.93610833413148
0.3215	5.68201714520906
0.322	5.32923735747063
0.3225	4.97865933838386
0.323	4.71971357889266
0.3235	4.60834120060183
0.324	4.65290530766987
0.3245	4.81130756811967
0.325	5
0.3255	5.11284871691408
0.326	5.04554070381414
0.3265	4.71994580294069
0.327	4.10284719261494
0.3275	3.21473471111598
0.328	2.12662315919896
0.3285	0.945592900983214
0.329	-0.207673723367267
0.3295	-1.22425945110582
0.33	-2.02952210297011
0.3305	-2.59764567184935
0.331	-2.95495671303555
0.3315	-3.17130538495774
0.332	-3.34154469378056
0.3325	-3.56140840116399
0.333	-3.90336837644914
0.3335	-4.39805267609112
0.334	-5.02552630197073
0.3345	-5.71847063838999
0.335	-6.37656425701343
0.3355	-6.88879346091798
0.336	-7.15859555966274
0.3365	-7.12607981397463
0.337	-6.78223123631703
0.3375	-6.17182995323032
0.338	-5.3843951871614
0.3385	-4.53519810309996
0.339	-3.74065539137725
0.3395	-3.09369621935984
0.34	-2.64469583420541
0.3405	-2.39228962037551
0.341	-2.2861150249597
0.3415	-2.24079473378749
0.342	-2.15789918067002
0.3425	-1.95079987152142
0.343	-1.56666552172201
0.3435	-1.00051164916605
0.344	-0.298040047432395
0.3445	0.453420913532547
0.345	1.1438308993313
0.3455	1.66489712486255
0.346	1.93448982680465
0.3465	1.91542584021824
0.347	1.6243135071137
0.3475	1.12841996605293
0.348	0.531257123894196
0.3485	-0.0498411053137494
0.349	-0.509050388323467
0.3495	-0.774536558467672
0.35	-0.822983865893656
0.3505	-0.682895487674151
0.351	-0.425965854361948
0.3515	-0.148558380883277
0.352	0.0524110777119024
0.3525	0.103604572332686
0.353	-0.0261746061874869
0.3535	-0.31728693929203
0.354	-0.702465288419036
0.3545	-1.08122892325645
0.355	-1.34223038552832
0.3555	-1.38843715621796
0.356	-1.15939199870943
0.3565	-0.645456082621264
0.357	0.10923347558019
0.3575	1.015783628836
0.358	1.95949969447299
0.3585	2.82446293539359
0.359	3.51813956334532
0.3595	3.99042852130172
0.36	4.24283473513162
0.3605	4.32572075774545
0.361	4.32432359298335
0.3615	4.33679861690293
0.362	4.44937894447598
0.3625	4.71439790708849
0.363	5.13626350452972
0.3635	5.66864776783281
0.364	6.22357931697733
0.3645	6.69039397472096
0.365	6.96023245861953
0.3655	6.9504951767756
0.366	6.62366520289694
0.3665	5.99619157701733
0.367	5.13539291483475
0.3675	4.14507660277009
0.368	3.14314520758353
0.3685	2.23628914227232
0.369	1.49752466689373
0.3695	0.951677940062034
0.37	0.57209005682829
0.3705	0.289243208420404
0.371	0.00927423717024042
0.3715	-0.361924699377116
0.372	-0.894598620813353
0.3725	-1.61659581018977
0.373	-2.50470829168873
0.3735	-3.48792126455508
0.374	-4.46187250220804
0.3745	-5.3112482031111
0.375	-5.93501624268541
0.3755	-6.2687396142615
0.376	-6.29887303945718
0.3765	-6.06577324674365
0.377	-5.65472982157807
0.3775	-5.17705882458089
0.378	-4.74556915586453
0.3785	-4.44999260682344
0.379	-4.33796943320527
0.3795	-4.40590208312877
0.38	-4.60172362976512
0.3805	-4.83889375581876
0.381	-5.0183601765359
0.3815	-5.05339713194179
0.382	-4.89157343603162
0.3825	-4.52876154258549
0.383	-4.01192517651673
0.3835	-3.4299978816621
0.384	-2.8948983924049
0.3845	-2.51699469031131
0.385	-2.38060769612761
0.3855	-2.52514456592371
0.386	-2.93617053206877
0.3865	-3.54846040898065
0.387	-4.2603355781469
0.3875	-4.95601587705425
0.388	-5.53088833980673
0.3885	-5.91393461209911
0.389	-6.08221711590964
0.3895	-6.06414968987218
0.39	-5.93085308606071
0.3905	-5.77762940822244
0.391	-5.69985596951928
0.3915	-5.76887885684065
0.392	-6.01348648990551
0.3925	-6.41126365667268
0.393	-6.89186011584638
0.3935	-7.35147415522928
0.394	-7.67527684213906
0.3945	-7.76267705370486
0.395	-7.54966912431031
0.3955	-7.02316507465251
0.396	-6.22404086576752
0.3965	-5.23820251318355
0.397	-4.17771320367591
0.3975	-3.15629037962118
0.398	-2.26476278573225
0.3985	-1.55207845609888
0.399	-1.01617553176419
0.3995	-0.606761846635958
0.4	-0.239315664287558
0.4005	0.182954852682721
0.401	0.744281947319575
0.4015	1.49438582468624
0.402	2.43448779393665
0.4025	3.51455107347107
0.403	4.64243637571968
0.4035	5.70292568522732
0.404	6.5823015596174
0.4045	7.19289008285691
0.405	7.49197649289768
0.4055	7.49078346926024
0.406	7.25146984818582
0.4065	6.87284282665417
0.407	6.46805312189314
0.4075	6.13937007222806
0.408	5.95579385849287
0.4085	5.93860386504504
0.409	6.05811666336916
0.4095	6.24235258026621
0.41	6.39557625810448
0.4105	6.42241038372207
0.411	6.25194212411403
0.4115	5.85624198068647
0.412	5.25899475536211
0.4125	4.53220888310101
0.413	3.78170424957178
0.4135	3.12465341502741
0.414	2.66427694762415
0.4145	2.46745193451107
0.415	2.55033270433201
0.4155	2.8752553841612
0.416	3.35962156444867
0.4165	3.89472105370587
0.417	4.37018587036662
0.4175	4.69848655078988
0.418	4.83388080461898
0.4185	4.78150354749717
0.419	4.59455318258266
0.4195	4.36026242724365
0.42	4.17791663581188
0.4205	4.13400849868415
0.421	4.28027680179263
0.4215	4.61971761502784
0.422	5.10382984971442
0.4225	5.64178199662465
0.423	6.11945299362184
0.4235	6.42403394059354
0.424	6.46859804766158
0.4245	6.21104698284886
0.425	5.6631226582408
0.4255	4.88744120915787
0.426	3.98324117363292
0.4265	3.06411427060185
0.427	2.23281470724411
0.4275	1.55890317877713
0.428	1.06432362901775
0.4285	0.720185393227003
0.429	0.455448934873528
0.4295	0.175479963623364
0.43	-0.213829362978402
0.4305	-0.781952931857636
0.431	-1.55521729830637
0.4315	-2.50818272671694
0.432	-3.56695220153677
0.4325	-4.6237079313452
0.433	-5.55919990878799
0.4335	-6.26808516146195
0.434	-6.68135783430958
0.4345	-6.7807701685712
0.435	-6.60197176476964
0.4355	-6.22567080267719
0.436	-5.75885614493356
0.4365	-5.31038707398292
0.437	-4.96653849632532
0.4375	-4.77209053850113
0.438	-4.72127252892061
0.4385	-4.76060561085617
0.439	-4.80295492155846
0.4395	-4.74952775169869
0.44	-4.51472831957624
0.4405	-4.04812115271436
0.441	-3.34841455514092
0.4415	-2.4662022415437
0.442	-1.49477652242923
0.4425	-0.551060456792232
0.443	0.249027218269698
0.4435	0.815181090825661
0.444	1.10169936729679
0.4445	1.11654357177334
0.445	0.918423391575087
0.4455	0.602597594681331
0.446	0.278658294465799
0.4465	0.0453933548474106
0.447	-0.0315180252251522
0.4475	0.0661204358717108
0.448	0.305849616137985
0.4485	0.613281552927046
0.449	0.890689026405716
0.4495	1.04115618152404
0.45	0.992708874098054
0.4505	0.716843927055033
0.451	0.237156803878847
0.4515	-0.373965888639488
0.452	-1.00988845246931
0.4525	-1.55222696000616
0.453	-1.89620709155832
0.4535	-1.97311847163088
0.454	-1.76476481860025
0.4545	-1.30663643101266
0.455	-0.679107727287529
0.4555	0.0113022585112211
0.456	0.656300741282283
0.4565	1.17023665737045
0.457	1.50897289030937
0.4575	1.6789062870768
0.458	1.73409218671678
0.4585	1.76216340521238
0.459	1.86230803100647
0.4595	2.12039603593089
0.46	2.58700320279277
0.4605	3.26342122756424
0.461	4.09891608522714
0.4615	4.99992127514373
0.462	5.84911835920517
0.4625	6.5300906470802
0.463	6.95195624452143
0.4635	7.06838718256199
0.464	6.88670197521812
0.4645	6.46498646696475
0.465	5.89793292843832
0.4655	5.29466364443675
0.466	4.75363271752611
0.4665	4.34036004467848
0.467	4.07309338465353
0.4675	3.91966909501388
0.468	3.80626786582433
0.4685	3.6360285570015
0.469	3.31321740688544
0.4695	2.76737068005374
0.47	1.97182947155747
0.4705	0.952365866661199
0.471	-0.21613327058597
0.4715	-1.42422422955833
0.472	-2.5504301531522
0.4725	-3.4866282955606
0.473	-4.16053982402758
0.4735	-4.5502207947363
0.474	-4.68728000996425
0.4745	-4.64812554487031
0.475	-4.53527682795623
0.4755	-4.45304687426979
0.476	-4.48318029946547
0.4765	-4.66603383201447
0.477	-4.99160716333728
0.4775	-5.4024663323371
0.478	-5.80786868604574
0.4785	-6.10582413916229
0.479	-6.2080019185761
0.4795	-6.06173361546762
0.48	-5.66402315994633
0.4805	-5.06430126357498
0.481	-4.3552375182951
0.4815	-3.65365771721261
0.482	-3.07588069603991
0.4825	-2.71306880259378
0.483	-2.61218576178755
0.4835	-2.76687522342131
0.484	-3.12030590016111
0.4845	-3.57929422049253
0.485	-4.03643922846646
0.4855	-4.39517705129454
0.486	-4.59200206440762
0.4865	-4.61075993916186
0.487	-4.48574308590311
0.4875	-4.29289321881345
0.488	-4.13114892507755
0.4885	-4.0982418721074
0.489	-4.26652437591793
0.4895	-4.664410275143
0.49	-5.26773042781992
0.4905	-6.00303691597865
0.491	-6.76215549970049
0.4915	-7.4247103891795
0.492	-7.88351897527634
0.4925	-8.06709518901153
0.493	-7.95415964602759
0.4935	-7.57688166298549
0.494	-7.01215418389826
0.4945	-6.36293763897568
0.495	-5.7339763843186
0.4955	-5.2074723346608
0.496	-4.82430145103833
0.4965	-4.57507985494276
0.497	-4.40312071143212
0.4975	-4.2185899098024
0.498	-3.9205943180711
0.4985	-3.42211094146971
0.499	-2.67200706410304
0.4995	-1.66906137681717
0.5	-0.464723172043768
0.5005	0.846077510923516
0.501	2.14402136204876
0.5015	3.31007856467795
0.502	4.25018053392836
0.5025	4.91429048820026
0.503	5.30555903396048
0.5035	5.47751817747111
0.504	5.52000202943619
0.5045	5.53705855051806
0.505	5.62194400752685
0.5055	5.83495193692139
0.506	6.1891703180046
0.5065	6.64743531889795
0.507	7.13117578013393
0.5075	7.53910948695724
0.508	7.77148659848458
0.5085	7.75429660503676
0.509	7.45785607809835
0.5095	6.90547523850701
0.51	6.17016875034827
0.5105	5.36011085354086
0.511	4.59611059177519
0.5115	3.98620949531564
0.512	3.60316322302326
0.5125	3.4699093529198
0.513	3.55629674181557
0.5135	3.7877760732682
0.514	4.06401636235333
0.5145	4.28314467450278
0.515	4.36602544432372
0.5155	4.27499479889038
0.516	4.02274422268946
0.5165	3.66931354594966
0.517	3.3078863401854
0.5175	3.04265501845104
0.518	2.96384831924815
0.5185	3.12567201515833
0.519	3.53225365240145
0.5195	4.13485491948744
0.52	4.84103929405267
0.5205	5.53374791341333
0.521	6.09596954178434
0.5215	6.43541035501955
0.522	6.5035692644436
0.5225	6.30490465486545
0.523	5.89404548586563
0.5235	5.36173441041233
0.524	4.81276651532273
0.5245	4.34101449747803
0.525	4.00729112590195
0.5255	3.82514167897665
0.526	3.75783366587671
0.5265	3.72723692884264
0.527	3.63255412197329
0.5275	3.37459591876884
0.528	2.88001636900946
0.5285	2.11992480795619
0.529	1.11857159311432
0.5295	-0.0499275441328466
0.53	-1.27612889315962
0.5305	-2.43778446419649
0.531	-3.4252497836772
0.5315	-4.16401425905579
0.532	-4.62925173171798
0.5325	-4.84911543910141
0.533	-4.89607725054719
0.5335	-4.86834574673277
0.534	-4.86566509431787
0.5345	-4.96507742857949
0.535	-5.20223235004046
0.5355	-5.56254814443639
0.536	-5.98426365268977
0.5365	-6.37268660416413
0.537	-6.62237002866417
0.5375	-6.64212302387196
0.538	-6.37710406125945
0.5385	-5.82290514103738
0.539	-5.02836242931467
0.5395	-4.08640509345789
0.54	-3.11498890484705
0.5405	-2.23242841272265
0.541	-1.53272181514921
0.5415	-1.06646282681452
0.542	-0.83165386418843
0.5425	-0.776467964548443
0.543	-0.813272311911516
0.5435	-0.840650441513188
0.544	-0.768333118074042
0.5445	-0.539287960565507
0.545	-0.143876138606127
0.5455	0.37719008692512
0.546	0.941780952706594
0.5465	1.44513276957659
0.547	1.78417471476656
0.5475	1.88181317586342
0.548	1.70558903086717
0.5485	1.27640421116784
0.549	0.665281518649506
0.5495	-0.0211433486571755
0.55	-0.663122658240795
0.5505	-1.1531885583158
0.551	-1.41867472846
0.5515	-1.4362654188207
0.552	-1.23529596022552
0.5525	-0.889104301765367
0.553	-0.496467676829133
0.5535	-0.157425731639169
0.554	0.0509279213914601
0.5545	0.0931029837165262
0.555	-0.015985069046734
0.5555	-0.21410524924499
0.556	-0.405998788898931
0.5565	-0.485594874968402
0.557	-0.361059595061456
0.5575	0.023074754737947
0.558	0.671792656535569
0.5585	1.53675589745617
0.559	2.52543068924726
0.5595	3.52013545066007
0.56	4.40269594278448
0.5605	5.07911396755595
0.561	5.49865549995632
0.5615	5.66304393338452
0.562	5.62371085144896
0.5625	5.46779111689899
0.563	5.29612471218258
0.5635	5.19835469719116
0.564	5.23087044287927
0.5645	5.40268693678353
0.565	5.6725254206821
0.5655	5.95778630267755
0.566	6.1533721322553
0.5665	6.15605278467019
0.567	5.88878612464524
0.5675	5.31940850974306
0.568	4.46939052406512
0.5685	3.41062104924529
0.569	2.25091787670423
0.5695	1.1115391477149
0.57	0.101796986186643
0.5705	-0.70346566567765
0.571	-1.27843280076718
0.5715	-1.64963173731454
0.572	-1.88730749491141
0.5725	-2.08688888083141
0.573	-2.34484708403587
0.5735	-2.73452805474459
0.574	-3.28754059523507
0.5745	-3.98500288662951
0.575	-4.76068433571244
0.5755	-5.515346404451
0.576	-6.13901183180432
0.5765	-6.5360663173853
0.577	-6.64743869567613
0.5775	-6.46476586251831
0.578	-6.03327619380195
0.5785	-5.4427014809215
0.579	-4.80826250384691
0.5795	-4.24604087547591
0.58	-3.84833041995462
0.5805	-3.66456184884579
0.581	-3.69211486005431
0.5815	-3.87906522496882
0.582	-4.13818022622112
0.5825	-4.36890033493263
0.583	-4.48221824715838
0.5835	-4.42270675576016
0.584	-4.18260543034232
0.5845	-3.80470172824874
0.585	-3.37331657022566
0.5855	-2.99543763656535
0.586	-2.7763093244159
0.5865	-2.79506719917015
0.587	-3.08600367117392
0.5875	-3.62977056057266
0.588	-4.35655643283376
0.5885	-5.16054140228861
0.589	-5.92235590825678
0.5895	-6.53444276051383
0.59	-6.92356196015877
0.5905	-7.06533644615987
0.591	-6.9875630074567
0.5915	-6.7615877309387
0.592	-6.48377956054716
0.5925	-6.25140244901982
0.593	-6.13846690603588
0.5935	-6.17714224825631
0.594	-6.34903152565747
0.5945	-6.58834514673189
0.595	-6.79627591449982
0.5955	-6.86330386699965
0.596	-6.69433393640916
0.5965	-6.23091138728161
0.597	-5.46542024161334
0.5975	-4.44399741755861
0.598	-3.2574716598303
0.5985	-2.02237152674052
0.599	-0.856314324111334
0.5995	0.146631363174538
0.6	0.935016242685415
0.6005	1.50920016916431
0.601	1.91861385429255
0.6015	2.24777903449673
0.602	2.59434900158951
0.6025	3.04425800282943
0.603	3.64972750162163
0.6035	4.4152186472899
0.604	5.29459452167998
0.6045	6.20018120875885
0.605	7.02168342225603
0.6055	7.6506446769131
0.606	8.00486305799631
0.6065	8.04717473362714
0.607	7.79429843837473
0.6075	7.31370197920103
0.608	6.70918706830337
0.6085	6.09846507269791
0.609	5.58782359272752
0.6095	5.24964370616816
0.61	5.10786922016706
0.6105	5.13470334578465
0.611	5.25923325001598
0.6115	5.38594891004482
0.612	5.41885596301497
0.6125	5.28560209291151
0.613	4.95603615654475
0.6135	4.450898731509
0.614	3.83860885459712
0.6145	3.22084514432157
0.615	2.71019391198487
0.6155	2.40496231351955
0.616	2.36691269035061
0.6165	2.60701401576845
0.617	3.08247883242919
0.6175	3.70577767669183
0.618	4.36358773397733
0.6185	4.94136475515004
0.619	5.34794639239316
0.6195	5.53459433421662
0.62	5.50416195229347
0.6205	5.30834040565712
0.621	5.03367001160312
0.6215	4.7795788226807
0.622	4.63353677907277
0.6225	4.6490731225266
0.623	4.83174595568442
0.6235	5.13632690265612
0.624	5.47588917356352
0.6245	5.74075391220721
0.625	5.82298386589366
0.6255	5.64083441896836
0.626	5.1575730806059
0.6265	4.39035958708344
0.627	3.40714661421708
0.6275	2.31229638858762
0.628	1.22418483667061
0.6285	0.249892322585357
0.629	-0.537259939224526
0.6295	-1.11222707431406
0.63	-1.50153640091583
0.6305	-1.77466180595569
0.631	-2.02551036894801
0.6315	-2.34832151906408
0.632	-2.81355899172627
0.6325	-3.44937602437223
0.633	-4.2329545923064
0.6335	-5.09375325448898
0.634	-5.92796462449909
0.6345	-6.62090896091834
0.635	-7.07226483541129
0.6355	-7.21837967677524
0.636	-7.04656318287098
0.6365	-6.59809411192034
0.637	-5.95924737042338
0.6375	-5.24238360914278
0.638	-4.56141132126774
0.6385	-4.00721240104567
0.639	-3.62862301458549
0.6395	-3.4232824352171
0.64	-3.34039641260326
0.6405	-3.29472794290386
0.641	-3.18855334748806
0.6415	-2.93649531218535
0.642	-2.48748539652728
0.6425	-1.83876749472966
0.643	-1.03867981966773
0.6435	-0.177527783272393
0.644	0.631406296655142
0.6445	1.2764047794262
0.645	1.67181660138558
0.6455	1.7769295016543
0.646	1.60490361094739
0.6465	1.21972526182038
0.647	0.721875184585344
0.6475	0.225981643524572
0.648	-0.164443454503661
0.6485	-0.379427321171008
0.649	-0.397018011531709
0.6495	-0.246550856413386
0.65	-2.55329611620336E-017
0.6505	0.246550856413386
0.651	0.397018011531709
0.6515	0.379427321171008
0.652	0.164443454503661
0.6525	-0.225981643524572
0.653	-0.721875184585344
0.6535	-1.21972526182038
0.654	-1.60490361094739
0.6545	-1.7769295016543
0.655	-1.67181660138558
0.6555	-1.2764047794262
0.656	-0.631406296655142
0.6565	0.177527783272393
0.657	1.03867981966773
0.6575	1.83876749472966
0.658	2.48748539652728
0.6585	2.93649531218535
0.659	3.18855334748806
0.6595	3.29472794290386
0.66	3.34039641260326
0.6605	3.4232824352171
0.661	3.62862301458549
0.6615	4.00721240104567
0.662	4.56141132126774
0.6625	5.24238360914278
0.663	5.95924737042338
0.6635	6.59809411192034
0.664	7.04656318287098
0.6645	7.21837967677524
0.665	7.07226483541129
0.6655	6.62090896091834
0.666	5.92796462449909
0.6665	5.09375325448898
0.667	4.2329545923064
0.6675	3.44937602437223
0.668	2.81355899172627
0.6685	2.34832151906408
0.669	2.02551036894801
0.6695	1.77466180595569
0.67	1.50153640091583
0.6705	1.11222707431406
0.671	0.537259939224526
0.6715	-0.249892322585357
0.672	-1.22418483667061
0.6725	-2.31229638858762
0.673	-3.40714661421708
0.6735	-4.39035958708344
0.674	-5.1575730806059
0.6745	-5.64083441896836
0.675	-5.82298386589366
0.6755	-5.74075391220721
0.676	-5.47588917356352
0.6765	-5.13632690265612
0.677	-4.83174595568442
0.6775	-4.6490731225266
0.678	-4.63353677907277
0.6785	-4.7795788226807
0.679	-5.03367001160312
0.6795	-5.30834040565712
0.68	-5.50416195229347
0.6805	-5.53459433421662
0.681	-5.34794639239316
0.6815	-4.94136475515004
0.682	-4.36358773397733
0.6825	-3.70577767669183
0.683	-3.08247883242919
0.6835	-2.60701401576845
0.684	-2.36691269035061
0.6845	-2.40496231351955
0.685	-2.71019391198487
0.6855	-3.22084514432157
0.686	-3.83860885459712
0.6865	-4.450898731509
0.687	-4.95603615654475
0.6875	-5.28560209291151
0.688	-5.41885596301497
0.6885	-5.38594891004482
0.689	-5.25923325001598
0.6895	-5.13470334578465
0.69	-5.10786922016706
0.6905	-5.24964370616816
0.691	-5.58782359272752
0.6915	-6.09846507269791
0.692	-6.70918706830337
0.6925	-7.31370197920103
0.693	-7.79429843837473
0.6935	-8.04717473362714
0.694	-8.00486305799631
0.6945	-7.6506446769131
0.695	-7.02168342225603
0.6955	-6.20018120875885
0.696	-5.29459452167998
0.6965	-4.4152186472899
0.697	-3.64972750162163
0.6975	-3.04425800282943
0.698	-2.59434900158951
0.6985	-2.24777903449673
0.699	-1.91861385429255
0.6995	-1.50920016916431
0.7	-0.935016242685415
0.7005	-0.146631363174538
0.701	0.856314324111334
0.7015	2.02237152674052
0.702	3.2574716598303
0.7025	4.44399741755861
0.703	5.46542024161334
0.7035	6.23091138728161
0.704	6.69433393640916
0.7045	6.86330386699965
0.705	6.79627591449982
0.7055	6.58834514673189
0.706	6.34903152565747
0.7065	6.17714224825631
0.707	6.13846690603588
0.7075	6.25140244901982
0.708	6.48377956054716
0.7085	6.7615877309387
0.709	6.9875630074567
0.7095	7.06533644615987
0.71	6.92356196015877
0.7105	6.53444276051383
0.711	5.92235590825678
0.7115	5.16054140228861
0.712	4.35655643283376
0.7125	3.62977056057266
0.713	3.08600367117392
0.7135	2.79506719917015
0.714	2.7763093244159
0.7145	2.99543763656535
0.715	3.37331657022566
0.7155	3.80470172824874
0.716	4.18260543034232
0.7165	4.42270675576016
0.717	4.48221824715838
0.7175	4.36890033493263
0.718	4.13818022622112
0.7185	3.87906522496882
0.719	3.69211486005431
0.7195	3.66456184884579
0.72	3.84833041995462
0.7205	4.24604087547591
0.721	4.80826250384691
0.7215	5.4427014809215
0.722	6.03327619380195
0.7225	6.46476586251831
0.723	6.64743869567613
0.7235	6.5360663173853
0.724	6.13901183180432
0.7245	5.515346404451
0.725	4.76068433571244
0.7255	3.98500288662951
0.726	3.28754059523507
0.7265	2.73452805474459
0.727	2.34484708403587
0.7275	2.08688888083141
0.728	1.88730749491141
0.7285	1.64963173731454
0.729	1.27843280076718
0.7295	0.70346566567765
0.73	-0.101796986186643
0.7305	-1.1115391477149
0.731	-2.25091787670423
0.7315	-3.41062104924529
0.732	-4.46939052406512
0.7325	-5.31940850974306
0.733	-5.88878612464524
0.7335	-6.15605278467019
0.734	-6.1533721322553
0.7345	-5.95778630267755
0.735	-5.6725254206821
0.7355	-5.40268693678353
0.736	-5.23087044287927
0.7365	-5.19835469719116
0.737	-5.29612471218258
0.7375	-5.46779111689899
0.738	-5.62371085144896
0.7385	-5.66304393338452
0.739	-5.49865549995632
0.7395	-5.07911396755595
0.74	-4.40269594278448
0.7405	-3.52013545066007
0.741	-2.52543068924726
0.7415	-1.53675589745617
0.742	-0.671792656535569
0.7425	-0.0230747547379469
0.743	0.361059595061456
0.7435	0.485594874968402
0.744	0.405998788898931
0.7445	0.21410524924499
0.745	0.015985069046734
0.7455	-0.0931029837165262
0.746	-0.0509279213914601
0.7465	0.157425731639169
0.747	0.496467676829133
0.7475	0.889104301765367
0.748	1.23529596022552
0.7485	1.4362654188207
0.749	1.41867472846
0.7495	1.1531885583158
0.75	0.663122658240795
0.7505	0.0211433486571754
0.751	-0.665281518649506
0.7515	-1.27640421116784
0.752	-1.70558903086717
0.7525	-1.88181317586342
0.753	-1.78417471476656
0.7535	-1.44513276957659
0.754	-0.941780952706594
0.7545	-0.37719008692512
0.755	0.143876138606127
0.7555	0.539287960565507
0.756	0.768333118074042
0.7565	0.840650441513188
0.757	0.813272311911516
0.7575	0.776467964548443
0.758	0.83165386418843
0.7585	1.06646282681452
0.759	1.53272181514921
0.7595	2.23242841272265
0.76	3.11498890484705
0.7605	4.0864050934579
0.761	5.02836242931467
0.7615	5.82290514103738
0.762	6.37710406125945
0.7625	6.64212302387196
0.763	6.62237002866417
0.7635	6.37268660416413
0.764	5.98426365268977
0.7645	5.56254814443639
0.765	5.20223235004046
0.7655	4.96507742857949
0.766	4.86566509431787
0.7665	4.86834574673277
0.767	4.89607725054719
0.7675	4.84911543910141
0.768	4.62925173171798
0.7685	4.16401425905579
0.769	3.4252497836772
0.7695	2.43778446419649
0.77	1.27612889315962
0.7705	0.0499275441328466
0.771	-1.11857159311432
0.7715	-2.11992480795619
0.772	-2.88001636900946
0.7725	-3.37459591876884
0.773	-3.63255412197329
0.7735	-3.72723692884264
0.774	-3.75783366587671
0.7745	-3.82514167897665
0.775	-4.00729112590195
0.7755	-4.34101449747803
0.776	-4.81276651532273
0.7765	-5.36173441041233
0.777	-5.89404548586563
0.7775	-6.30490465486545
0.778	-6.5035692644436
0.7785	-6.43541035501955
0.779	-6.09596954178434
0.7795	-5.53374791341333
0.78	-4.84103929405267
0.7805	-4.13485491948744
0.781	-3.53225365240145
0.7815	-3.12567201515833
0.782	-2.96384831924815
0.7825	-3.04265501845104
0.783	-3.3078863401854
0.7835	-3.66931354594966
0.784	-4.02274422268946
0.7845	-4.27499479889038
0.785	-4.36602544432372
0.7855	-4.28314467450278
0.786	-4.06401636235333
0.7865	-3.7877760732682
0.787	-3.55629674181557
0.7875	-3.4699093529198
0.788	-3.60316322302326
0.7885	-3.98620949531564
0.789	-4.59611059177519
0.7895	-5.36011085354086
0.79	-6.17016875034827
0.7905	-6.90547523850701
0.791	-7.45785607809835
0.7915	-7.75429660503676
0.792	-7.77148659848458
0.7925	-7.53910948695724
0.793	-7.13117578013393
0.7935	-6.64743531889795
0.794	-6.1891703180046
0.7945	-5.83495193692139
0.795	-5.62194400752685
0.7955	-5.53705855051806
0.796	-5.52000202943619
0.7965	-5.47751817747111
0.797	-5.30555903396048
0.7975	-4.91429048820026
0.798	-4.25018053392836
0.7985	-3.31007856467795
0.799	-2.14402136204876
0.7995	-0.846077510923516
0.8	0.464723172043769
0.8005	1.66906137681717
0.801	2.67200706410304
0.8015	3.42211094146971
0.802	3.9205943180711
0.8025	4.2185899098024
0.803	4.40312071143212
0.8035	4.57507985494276
0.804	4.82430145103833
0.8045	5.2074723346608
0.805	5.7339763843186
0.8055	6.36293763897568
0.806	7.01215418389826
0.8065	7.57688166298549
0.807	7.95415964602759
0.8075	8.06709518901153
0.808	7.88351897527634
0.8085	7.4247103891795
0.809	6.76215549970049
0.8095	6.00303691597865
0.81	5.26773042781992
0.8105	4.664410275143
0.811	4.26652437591793
0.8115	4.0982418721074
0.812	4.13114892507755
0.8125	4.29289321881345
0.813	4.48574308590311
0.8135	4.61075993916186
0.814	4.59200206440762
0.8145	4.39517705129454
0.815	4.03643922846646
0.8155	3.57929422049253
0.816	3.12030590016111
0.8165	2.76687522342131
0.817	2.61218576178755
0.8175	2.71306880259378
0.818	3.07588069603991
0.8185	3.65365771721261
0.819	4.3552375182951
0.8195	5.06430126357498
0.82	5.66402315994633
0.8205	6.06173361546762
0.821	6.2080019185761
0.8215	6.10582413916229
0.822	5.80786868604574
0.8225	5.4024663323371
0.823	4.99160716333728
0.8235	4.66603383201447
0.824	4.48318029946547
0.8245	4.45304687426979
0.825	4.53527682795623
0.8255	4.64812554487031
0.826	4.68728000996425
0.8265	4.5502207947363
0.827	4.16053982402758
0.8275	3.4866282955606
0.828	2.5504301531522
0.8285	1.42422422955833
0.829	0.21613327058597
0.8295	-0.9523658666612
0.83	-1.97182947155747
0.8305	-2.76737068005374
0.831	-3.31321740688544
0.8315	-3.6360285570015
0.832	-3.80626786582433
0.8325	-3.91966909501388
0.833	-4.07309338465353
0.8335	-4.34036004467848
0.834	-4.75363271752611
0.8345	-5.29466364443675
0.835	-5.89793292843832
0.8355	-6.46498646696475
0.836	-6.88670197521812
0.8365	-7.06838718256199
0.837	-6.95195624452143
0.8375	-6.5300906470802
0.838	-5.84911835920517
0.8385	-4.99992127514373
0.839	-4.09891608522714
0.8395	-3.26342122756424
0.84	-2.58700320279277
0.8405	-2.12039603593089
0.841	-1.86230803100647
0.8415	-1.76216340521238
0.842	-1.73409218671678
0.8425	-1.6789062870768
0.843	-1.50897289030937
0.8435	-1.17023665737045
0.844	-0.656300741282283
0.8445	-0.0113022585112211
0.845	0.679107727287529
0.8455	1.30663643101266
0.846	1.76476481860025
0.8465	1.97311847163088
0.847	1.89620709155832
0.8475	1.55222696000616
0.848	1.00988845246931
0.8485	0.373965888639488
0.849	-0.237156803878847
0.8495	-0.716843927055033
0.85	-0.992708874098054
0.8505	-1.04115618152404
0.851	-0.890689026405716
0.8515	-0.613281552927046
0.852	-0.305849616137985
0.8525	-0.0661204358717108
0.853	0.0315180252251522
0.8535	-0.0453933548474106
0.854	-0.278658294465799
0.8545	-0.602597594681331
0.855	-0.918423391575087
0.8555	-1.11654357177334
0.856	-1.10169936729679
0.8565	-0.815181090825661
0.857	-0.249027218269698
0.8575	0.551060456792232
0.858	1.49477652242923
0.8585	2.4662022415437
0.859	3.34841455514092
0.8595	4.04812115271436
0.86	4.51472831957624
0.8605	4.74952775169869
0.861	4.80295492155846
0.8615	4.76060561085617
0.862	4.72127252892061
0.8625	4.77209053850113
0.863	4.96653849632532
0.8635	5.31038707398292
0.864	5.75885614493356
0.8645	6.22567080267719
0.865	6.60197176476964
0.8655	6.7807701685712
0.866	6.68135783430958
0.8665	6.26808516146195
0.867	5.55919990878799
0.8675	4.6237079313452
0.868	3.56695220153677
0.8685	2.50818272671694
0.869	1.55521729830637
0.8695	0.781952931857636
0.87	0.213829362978402
0.8705	-0.175479963623364
0.871	-0.455448934873528
0.8715	-0.720185393227003
0.872	-1.06432362901775
0.8725	-1.55890317877713
0.873	-2.23281470724411
0.8735	-3.06411427060185
0.874	-3.98324117363292
0.8745	-4.88744120915787
0.875	-5.6631226582408
0.8755	-6.21104698284886
0.876	-6.46859804766158
0.8765	-6.42403394059354
0.877	-6.11945299362184
0.8775	-5.64178199662465
0.878	-5.10382984971442
0.8785	-4.61971761502784
0.879	-4.28027680179263
0.8795	-4.13400849868415
0.88	-4.17791663581188
0.8805	-4.36026242724365
0.881	-4.59455318258266
0.8815	-4.78150354749717
0.882	-4.83388080461898
0.8825	-4.69848655078988
0.883	-4.37018587036662
0.8835	-3.89472105370587
0.884	-3.35962156444867
0.8845	-2.8752553841612
0.885	-2.55033270433201
0.8855	-2.46745193451107
0.886	-2.66427694762415
0.8865	-3.12465341502741
0.887	-3.78170424957178
0.8875	-4.53220888310101
0.888	-5.25899475536211
0.8885	-5.85624198068647
0.889	-6.25194212411403
0.8895	-6.42241038372207
0.89	-6.39557625810448
0.8905	-6.24235258026621
0.891	-6.05811666336916
0.8915	-5.93860386504505
0.892	-5.95579385849287
0.8925	-6.13937007222806
0.893	-6.46805312189314
0.8935	-6.87284282665417
0.894	-7.25146984818582
0.8945	-7.49078346926024
0.895	-7.49197649289768
0.8955	-7.19289008285691
0.896	-6.5823015596174
0.8965	-5.70292568522732
0.897	-4.64243637571968
0.8975	-3.51455107347107
0.898	-2.43448779393665
0.8985	-1.49438582468624
0.899	-0.744281947319575
0.8995	-0.182954852682721
0.9	0.239315664287558
0.9005	0.606761846635958
0.901	1.0161755317642
0.9015	1.55207845609888
0.902	2.26476278573225
0.9025	3.15629037962118
0.903	4.17771320367591
0.9035	5.23820251318355
0.904	6.22404086576752
0.9045	7.02316507465251
0.905	7.54966912431031
0.9055	7.76267705370486
0.906	7.67527684213906
0.9065	7.35147415522928
0.907	6.89186011584638
0.9075	6.41126365667268
0.908	6.01348648990551
0.9085	5.76887885684065
0.909	5.69985596951928
0.9095	5.77762940822244
0.91	5.93085308606071
0.9105	6.06414968987218
0.911	6.08221711590964
0.9115	5.91393461209911
0.912	5.53088833980673
0.9125	4.95601587705425
0.913	4.2603355781469
0.9135	3.54846040898065
0.914	2.93617053206877
0.9145	2.52514456592371
0.915	2.38060769612761
0.9155	2.51699469031131
0.916	2.8948983924049
0.9165	3.4299978816621
0.917	4.01192517651673
0.9175	4.52876154258549
0.918	4.89157343603162
0.9185	5.05339713194179
0.919	5.0183601765359
0.9195	4.83889375581876
0.92	4.60172362976512
0.9205	4.40590208312877
0.921	4.33796943320527
0.9215	4.44999260682344
0.922	4.74556915586453
0.9225	5.17705882458089
0.923	5.65472982157807
0.9235	6.06577324674365
0.924	6.29887303945718
0.9245	6.2687396142615
0.925	5.93501624268541
0.9255	5.3112482031111
0.926	4.46187250220804
0.9265	3.48792126455508
0.927	2.50470829168873
0.9275	1.61659581018977
0.928	0.894598620813353
0.9285	0.361924699377115
0.929	-0.0092742371702404
0.9295	-0.289243208420404
0.93	-0.57209005682829
0.9305	-0.951677940062034
0.931	-1.49752466689373
0.9315	-2.23628914227232
0.932	-3.14314520758353
0.9325	-4.14507660277009
0.933	-5.13539291483475
0.9335	-5.99619157701733
0.934	-6.62366520289694
0.9345	-6.9504951767756
0.935	-6.96023245861953
0.9355	-6.69039397472096
0.936	-6.22357931697733
0.9365	-5.66864776783281
0.937	-5.13626350452972
0.9375	-4.71439790708849
0.938	-4.44937894447598
0.9385	-4.33679861690293
0.939	-4.32432359298335
0.9395	-4.32572075774545
0.94	-4.24283473513162
0.9405	-3.99042852130172
0.941	-3.51813956334532
0.9415	-2.82446293539359
0.942	-1.95949969447299
0.9425	-1.015783628836
0.943	-0.10923347558019
0.9435	0.645456082621264
0.944	1.15939199870943
0.9445	1.38843715621796
0.945	1.34223038552832
0.9455	1.08122892325645
0.946	0.702465288419036
0.9465	0.31728693929203
0.947	0.0261746061874869
0.9475	-0.103604572332686
0.948	-0.0524110777119024
0.9485	0.148558380883277
0.949	0.425965854361948
0.9495	0.682895487674151
0.95	0.822983865893656
0.9505	0.774536558467672
0.951	0.509050388323467
0.9515	0.0498411053137493
0.952	-0.531257123894196
0.9525	-1.12841996605293
0.953	-1.6243135071137
0.9535	-1.91542584021824
0.954	-1.93448982680465
0.9545	-1.66489712486255
0.955	-1.1438308993313
0.9555	-0.453420913532547
0.956	0.298040047432395
0.9565	1.00051164916605
0.957	1.56666552172201
0.9575	1.95079987152142
0.958	2.15789918067002
0.9585	2.24079473378749
0.959	2.2861150249597
0.9595	2.39228962037551
0.96	2.64469583420541
0.9605	3.09369621935984
0.961	3.74065539137725
0.9615	4.53519810309996
0.962	5.3843951871614
0.9625	6.17182995323032
0.963	6.78223123631703
0.9635	7.12607981397463
0.964	7.15859555966274
0.9645	6.88879346091798
0.965	6.37656425701343
0.9655	5.71847063838999
0.966	5.02552630197073
0.9665	4.39805267609112
0.967	3.90336837644914
0.9675	3.56140840116399
0.968	3.34154469378056
0.9685	3.17130538495774
0.969	2.95495671303555
0.9695	2.59764567184935
0.97	2.02952210297011
0.9705	1.22425945110582
0.971	0.207673723367267
0.9715	-0.945592900983214
0.972	-2.12662315919896
0.9725	-3.21473471111598
0.973	-4.10284719261494
0.9735	-4.71994580294069
0.974	-5.04554070381414
0.9745	-5.11284871691408
0.975	-5
0.9755	-4.81130756811967
0.976	-4.65290530766987
0.9765	-4.60834120060183
0.977	-4.71971357889266
0.9775	-4.97865933838386
0.978	-5.32923735747063
0.9785	-5.68201714520906
0.979	-5.93610833413148
0.9795	-6.00404098405498
0.98	-5.83374816815073
0.9805	-5.42256195742486
0.981	-4.81996069033887
0.9815	-4.11838088925638
0.982	-3.4341413898898
0.9825	-2.88279381079817
0.983	-2.55449313037491
0.9835	-2.49498163897669
0.984	-2.69649890620787
0.9845	-3.10066289191741
0.985	-3.61263223451322
0.9855	-4.12328346684992
0.986	-4.53430943299498
0.9865	-4.78048494736626
0.987	-4.844003779753
0.9875	-4.75761639085722
0.988	-4.59587209712132
0.9885	-4.45650256595728
0.989	-4.43624938412232
0.9895	-4.60671764373036
0.99	-4.9958368433753
0.9905	-5.57922992202542
0.991	-6.28352417112538
0.9915	-7.00090339522626
0.992	-7.61162539083172
0.9925	-8.00940255759889
0.993	-8.12388465423199
0.9935	-7.93514235683538
0.994	-7.47687735594203
0.9945	-6.82766081101944
0.995	-6.09223707816849
0.9955	-5.3771973428652
0.996	-4.76660881962569
0.9965	-4.30318627049814
0.997	-3.97931371747889
0.9975	-3.73995858122728
0.998	-3.49678732411786
0.9985	-3.15021735702509
0.999	-2.61431443269041
0.9995	-1.83878638502157
1	-0.822983865893656
1.0005	0.381354338879748
1.001	1.67929819000499
1.0015	2.95181787082806
1.002	4.08045552572396
1.0025	4.9719831196129
1.003	5.5774526184051
1.0035	5.90132517142435
1.004	5.9986333580113
1.0045	5.9608655444713
1.005	5.89383759197147
1.0055	5.89264456833403
1.006	6.01944530980021
1.0065	6.28917462504807
1.007	6.66645260809017
1.0075	7.07438631491347
1.008	7.41322590463469
1.0085	7.58457159683236
1.009	7.51554870951099
1.0095	7.17736882295163
1.01	6.59397574430151
1.0105	5.83874218211597
1.011	5.01991758572842
1.0115	4.25810307976026
1.012	3.6608558544359
1.0125	3.3001843447154
1.013	3.19803604796568
1.0135	3.32305290122444
1.014	3.59929319030956
1.0145	3.92488398065289
1.015	4.19630043611932
1.0155	4.33268743030302
1.016	4.29463780713408
1.0165	4.0931205399029
1.017	3.78651766876052
1.0175	3.46646201240427
1.018	3.23574190369277
1.0185	3.18336464657096
1.019	3.36252864419705
1.0195	3.77659422563755
1.02	4.3763161220089
1.0205	5.06902474136956
1.021	5.73770884793445
1.0215	6.26568534681515
1.022	6.56126189585624
1.0225	6.57679823931007
1.023	6.31785247981887
1.0235	5.84036573898744
1.024	5.23657350927597
1.0245	4.61290808192265
1.025	4.06498375731459
1.0255	3.65541667077226
1.026	3.39957297202683
1.0265	3.26251375679887
1.027	3.16783094992952
1.0275	3.01633522491895
1.028	2.71029136080506
1.0285	2.17761743936883
1.029	1.39046517755894
1.0295	0.373879449820391
1.03	-0.797497564584501
1.0305	-2.01397747024325
1.031	-3.15335619923258
1.0315	-4.10632162764315
1.032	-4.79897673992238
1.0325	-5.2073761329513
1.033	-5.36080042259096
1.0335	-5.33306891877653
1.034	-5.22392578816776
1.0345	-5.13480243678389
1.035	-5.14453971862782
1.0355	-5.29065455999177
1.036	-5.56045665873653
1.0365	-5.89405527558902
1.037	-6.19856303471093
1.0375	-6.37022943942734
1.038	-6.31941142984681
1.0385	-5.99263014924178
1.039	-5.38662312316456
1.0395	-4.55112826550166
1.04	-3.57971207689082
1.0405	-2.59068910657253
1.041	-1.70244682335361
1.0415	-1.00877019540188
1.042	-0.559760279743811
1.0425	-0.352660970595206
1.043	-0.334640983336401
1.0435	-0.416843447559951
1.044	-0.496439533629422
1.0445	-0.481595329152867
1.045	-0.313601146810525
1.0455	0.0189293930752322
1.046	0.477057780662825
1.0465	0.980409597532825
1.047	1.42591402091667
1.0475	1.71208816765902
1.048	1.76328166227981
1.0485	1.54829779561246
1.049	1.08908851260274
1.0495	0.45748797991794
1.05	-0.239315664287558
1.0505	-0.881294973871178
1.051	-1.36098209704736
1.0515	-1.6059904270251
1.052	-1.59355665407541
1.0525	-1.35382747380914
1.053	-0.961190848872902
1.0535	-0.515686425489057
1.054	-0.118797086812937
1.0545	0.150795615129165
1.055	0.255908515397886
1.0555	0.209701744708248
1.056	0.0726325396761845
1.0565	-0.061787881015165
1.057	-0.0891660106168366
1.0575	0.0807673861505861
1.058	0.502067648331171
1.0585	1.17849520360628
1.059	2.06070751720349
1.0595	3.0554122786163
1.06	4.04443524893459
1.0605	4.90938895935155
1.061	5.55634813136896
1.0615	5.93493751782914
1.062	6.0475178454022
1.0625	5.94642244547411
1.063	5.71993170613582
1.0635	5.47024828163578
1.064	5.28856307429191
1.0645	5.23296192857913
1.065	5.31426472683222
1.0655	5.49306313063378
1.066	5.68864896021153
1.0665	5.7977920908203
1.067	5.71906111644085
1.0675	5.3771011411557
1.068	4.74128410850974
1.0685	3.83442804319853
1.069	2.72954920527934
1.0695	1.53534614166813
1.07	0.373690570631263
1.0705	-0.645773034265011
1.071	-1.44815780897158
1.0715	-2.00789243116443
1.072	-2.35203066695518
1.0725	-2.55161205287518
1.073	-2.70310777788576
1.0735	-2.90425306294898
1.074	-3.22984796382243
1.0745	-3.71310930218489
1.075	-4.33687734175921
1.0755	-5.03671507587589
1.076	-5.71520483785108
1.0765	-6.26417273294068
1.077	-6.58974606426349
1.0775	-6.63449087072271
1.078	-6.39153688765184
1.0785	-5.90742465296527
1.079	-5.27298567589068
1.0795	-4.60430156932579
1.08	-4.01805542815902
1.0805	-3.60686921743315
1.081	-3.42022127560969
1.0815	-3.45525823101558
1.082	-3.65954889764601
1.0825	-3.94509334097939
1.083	-4.21032466271376
1.0835	-4.36501412434752
1.084	-4.35233043854672
1.0845	-4.16296242209862
1.085	-3.83803974226943
1.0855	-3.46016080860912
1.086	-3.13457001826579
1.0865	-2.96479220737455
1.087	-3.02831103976128
1.0875	-3.35787697612804
1.088	-3.93274943888052
1.0885	-4.6819100737135
1.089	-5.49854891430354
1.0895	-6.26254917606921
1.09	-6.86586932874613
1.0905	-7.23506145436427
1.091	-7.34582370130659
1.0915	-7.22631090298247
1.092	-6.94850273259093
1.0925	-6.6096631428697
1.093	-6.30819191424028
1.0935	-6.11944961684367
1.094	-6.07713794121285
1.0945	-6.16453815277865
1.095	-6.3176445859247
1.0955	-6.43949687304641
1.096	-6.42244035196454
1.0965	-6.17321875586897
1.097	-5.63514524981774
1.0975	-4.8022581114085
1.098	-3.72219483187407
1.0985	-2.48709469878429
1.099	-1.21457501796122
1.0995	-0.0230936450298595
1.1	0.992708874098054
1.1005	1.78109375360893
1.101	2.34242084824579
1.1015	2.72641036307185
1.102	3.01815599554274
1.1025	3.31615158727405
1.103	3.70742013303427
1.1035	4.2454936390855
1.104	4.93633382783009
1.1045	5.73545803671509
1.105	6.55696025021226
1.1055	7.29238398306321
1.106	7.83513804979192
1.1065	8.10486736503978
1.107	8.06619202281935
1.1075	7.73750897315427
1.108	7.18781839687848
1.1085	6.52227206665114
1.109	5.85971717717214
1.1095	5.3073363375808
1.11	4.93814421196266
1.1105	4.77644265193476
1.111	4.79451007797221
1.1115	4.92122573800105
1.112	5.06059526916508
1.1125	5.11587708470711
1.113	5.01372878795739
1.1135	4.72279231595362
1.114	4.26241584855036
1.1145	3.69947647289668
1.115	3.1340009059381
1.1155	2.67685589796417
1.116	2.42460532176325
1.1165	2.43728900756405
1.117	2.7242181385793
1.1175	3.24105450464806
1.118	3.89886456193357
1.1185	4.58310406130015
1.119	5.17822138418876
1.1195	5.59228696562926
1.12	5.77605553673809
1.1205	5.73214739961036
1.121	5.51230134017824
1.1215	5.20338581663394
1.122	4.90543036351739
1.1225	4.70676575393924
1.123	4.66202094748002
1.1235	4.77806620880623
1.124	5.01116600151976
1.1245	5.27603074016344
1.125	5.46472317204377
1.1255	5.47110941076397
1.126	5.21526571201854
1.1265	4.66225317152806
1.127	3.83095360817032
1.1275	2.79092771716274
1.128	1.64799183062385
1.1285	0.521785907029977
1.129	-0.479567307811887
1.1295	-1.28195208251846
1.13	-1.85979709476571
1.1305	-2.23938497799946
1.131	-2.49023354099178
1.1315	-2.70658221291397
1.132	-2.98328399993067
1.1325	-3.39168339295959
1.133	-3.96106100786178
1.1335	-4.66994626053574
1.134	-5.44933329592397
1.1345	-6.1971019669651
1.135	-6.80037125096667
1.1355	-7.1606870453626
1.136	-7.21628819107538
1.1365	-6.95635480577023
1.137	-6.42397054246715
1.1375	-5.70710678118655
1.138	-4.91967201511763
1.1385	-4.17693740925007
1.139	-3.57093038317285
1.1395	-3.15138885077248
1.14	-2.91658941865003
1.1405	-2.81609661432875
1.141	-2.76474635353482
1.1415	-2.66460172774073
1.142	-2.42979276511464
1.1425	-2.00849250293405
1.143	-1.39694051351761
1.1435	-0.642250955316161
1.144	0.166683124611373
1.1445	0.918144085576316
1.145	1.50209159318119
1.1455	1.83462213306694
1.146	1.87679719539201
1.1465	1.64353225577362
1.147	1.20050651316046
1.1475	0.649788637477809
1.148	0.107450129940958
1.1485	-0.321734689758369
1.149	-0.566743019736106
1.1495	-0.604811550263274
1.15	-0.464723172043769
1.1505	-0.218172315630382
1.151	0.0387573176818207
1.1515	0.209702312966611
1.152	0.2221360859163
1.1525	0.0459119409200476
1.153	-0.298068190632107
1.1535	-0.741093933245268
1.154	-1.18109661699415
1.1545	-1.50503591720968
1.155	-1.61412396997294
1.1555	-1.4461297876306
1.156	-0.98966699050503
1.1565	-0.287195388771376
1.157	0.573956647623959
1.1575	1.48050680087977
1.158	2.31776038832288
1.1585	2.99418794359799
1.159	3.46044693193268
1.1595	3.7185349368571
1.16	3.81902774117838
1.1605	3.84708942917034
1.161	3.90051659903011
1.1615	4.06490503245831
1.162	4.39168631306335
1.1625	4.88412291529289
1.163	5.49452419837961
1.1635	6.13337093987657
1.164	6.68830248902109
1.1645	7.04865466857084
1.165	7.12995746682393
1.1655	6.89280254536296
1.166	6.35177161845232
1.1665	5.57238458306409
1.167	4.65676158625963
1.1675	3.72126960881685
1.168	2.87125162313891
1.1685	2.17859651085968
1.169	1.66724967509813
1.1695	1.30993863391192
1.17	1.03681322887206
1.1705	0.753966380464173
1.171	0.367534931020128
1.1715	-0.192199691172718
1.172	-0.952291252225992
1.1725	-1.88848939463439
1.173	-2.92851528564197
1.1735	-3.9665525931302
1.174	-4.88567949616128
1.1745	-5.58314178755572
1.175	-5.99270887409805
1.1755	-6.0990146060571
1.176	-5.94061234560729
1.1765	-5.60105007469989
1.177	-5.1900066495343
1.1775	-4.818798130731
1.178	-4.57584414766013
1.1785	-4.50768523823608
1.179	-4.60986301764989
1.1795	-4.829709077082
1.18	-5.08035495834023
1.1805	-5.262700749772
1.181	-5.29025376098052
1.1815	-5.11108976335443
1.182	-4.72184842782722
1.1825	-4.1705008487356
1.183	-3.54720200447296
1.1835	-2.96527470961833
1.184	-2.53663769855501
1.1845	-2.34726968210691
1.185	-2.43830032754025
1.1855	-2.79703815036833
1.186	-3.359977526022
1.1865	-4.02709173755576
1.187	-4.68414257210013
1.1875	-5.22790946149887
1.188	-5.58858097121937
1.1885	-5.74420960389471
1.189	-5.72395642205975
1.1895	-5.59942651782842
1.19	-5.46612991401695
1.1905	-5.41936871437255
1.191	-5.53013096131488
1.1915	-5.82657148825329
1.192	-6.28538007435013
1.1925	-6.83507065062592
1.193	-7.37049144442149
1.1935	-7.77528114918252
1.194	-7.94717042658367
1.1945	-7.8203696851175
1.195	-7.37994411610592
1.1955	-6.66490438080262
1.196	-5.75931769372375
1.1965	-4.77347934113978
1.197	-3.81945250982603
1.1975	-2.98656537141679
1.198	-2.32245541714489
1.1985	-1.8239720405435
1.199	-1.43998252571743
1.1995	-1.08539317521107
1.2	-0.663122658240795
1.2005	-0.0889387317618988
1.201	0.686589315906936
1.2015	1.66411083289064
1.202	2.79274848778653
1.2025	3.97927424551484
1.203	5.10715954776345
1.2035	6.06118637907721
1.204	6.7520265678218
1.2045	7.13519745144427
1.205	7.22008290845306
1.2055	7.066976475307
1.206	6.7728385196107
1.2065	6.44903583270093
1.207	6.19615953744852
1.2075	6.08167744081542
1.208	6.12551886669727
1.2085	6.29686455889493
1.209	6.52283983541293
1.2095	6.70707575230998
1.21	6.75383695195437
1.2105	6.59213539192647
1.211	6.1942494927014
1.2115	5.58434839624185
1.212	4.83518776140887
1.2125	4.05357755452589
1.213	3.35789725561854
1.2135	2.85275983058279
1.214	2.60658431621151
1.2145	2.63717694271547
1.215	2.90859339818189
1.2155	3.33997855620497
1.216	3.82434473649244
1.2165	4.25298174755576
1.217	4.53991087857101
1.2175	4.64079391937724
1.218	4.56198722017436
1.2185	4.35769655354394
1.219	4.11592185400755
1.2195	3.93645543329041
1.22	3.90602305136726
1.2205	4.07631586727151
1.221	4.45000180999702
1.2215	4.97797830887773
1.222	5.56855302175819
1.2225	6.10650516866842
1.223	6.47771368747173
1.2235	6.59375894879794
1.224	6.41090541624894
1.2245	5.93915339840424
1.225	5.23931566428756
1.2255	4.40880988058275
1.226	3.55943417967969
1.2265	2.79222068615723
1.227	2.17512207583147
1.2275	1.72862818698152
1.228	1.42258432286764
1.2285	1.18490856527077
1.229	0.920172106917297
1.2295	0.533740657473252
1.23	-0.0441043547740046
1.2305	-0.839645563270275
1.231	-1.82711088275099
1.2315	-2.93198972067018
1.232	-4.04558353011188
1.2325	-5.04751492529844
1.233	-5.83109349323261
1.2335	-6.32577779287459
1.234	-6.51163282610518
1.2345	-6.42250947472132
1.235	-6.13724859272587
1.2355	-5.76094763063342
1.236	-5.40059545108367
1.2365	-5.14066206577852
1.237	-5.02423112773796
1.2375	-5.04398412294575
1.238	-5.14507952287384
1.2385	-5.23923693943128
1.239	-5.2267619155117
1.2395	-5.02142133614331
1.24	-4.57242095098888
1.2405	-3.87839614450996
1.241	-2.99015386129103
1.2415	-2.00147906949993
1.242	-1.03005335038546
1.2425	-0.192799762942344
1.243	0.418752226474095
1.2435	0.757488459413022
1.244	0.829805782852168
1.2445	0.692736577820105
1.245	0.439792062999971
1.2455	0.178790600728093
1.246	0.00676471002117909
1.2465	-0.0122992765652285
1.247	0.138206982979245
1.2475	0.424381129721599
1.248	0.770572788181754
1.2485	1.07800472497081
1.249	1.2489497202556
1.2495	1.21088118972844
1.25	0.935016242685415
1.2505	0.444950342610413
1.251	-0.18665019007439
1.2515	-0.852597217214604
1.252	-1.43369544642255
1.2525	-1.82412054445078
1.253	-1.95389972297096
1.2535	-1.80339346342648
1.254	-1.40650412475036
1.2545	-0.841913258968889
1.255	-0.214384555243761
1.2555	0.369562952361109
1.256	0.826025749486681
1.2565	1.11254402595781
1.257	1.23707930586475
1.2575	1.25509929312356
1.258	1.25546085814167
1.2585	1.33835641125914
1.259	1.59041444656185
1.2595	2.06270340451825
1.26	2.75672821099717
1.2605	3.62168192141413
1.261	4.56363925727091
1.2615	5.46464444718749
1.262	6.20737905305506
1.2625	6.6998156552846
1.263	6.89426361310879
1.2635	6.79649359811737
1.264	6.46289498126488
1.2645	5.98635513838963
1.265	5.47412593448508
1.2655	5.02277005999213
1.266	4.69594008611347
1.2665	4.51008505288288
1.267	4.43135407850342
1.2675	4.38439226705764
1.268	4.27099103786809
1.2685	3.99428925085139
1.269	3.48294241508984
1.2695	2.70967804864111
1.27	1.69993588711285
1.2705	0.528558872707962
1.271	-0.694764599161086
1.2715	-1.84803122351157
1.272	-2.82232373759682
1.2725	-3.54432092697323
1.273	-3.99081481582318
1.2735	-4.19196010088641
1.274	-4.22255683792048
1.2745	-4.18340237282654
1.275	-4.17701613410634
1.2755	-4.28332186606539
1.276	-4.54087293087811
1.2765	-4.93792741645909
1.277	-5.41541415729051
1.2775	-5.88109766091221
1.278	-6.23167567999898
1.2785	-6.37771772360691
1.279	-6.26569454998873
1.2795	-5.89200860726322
1.28	-5.30576246609644
1.2805	-4.59957809153121
1.281	-3.89051434625134
1.2815	-3.29539702336272
1.282	-2.90615568783551
1.2825	-2.77076143400642
1.283	-2.88407934623217
1.2835	-3.19068221737454
1.284	-3.59893722873622
1.2845	-4.00310121444576
1.285	-4.30833281291108
1.2855	-4.45286968270718
1.286	-4.42227705620322
1.2865	-4.25249924531197
1.287	-4.02101991385934
1.2875	-3.82817004676968
1.288	-3.77288823122766
1.2885	-3.928516863903
1.289	-4.32421700733057
1.2895	-4.93630385958762
1.29	-5.69153742177316
1.2905	-6.48166824455377
1.291	-7.18596249365373
1.2915	-7.69660397362412
1.292	-7.94121160668898
1.2925	-7.89737018080713
1.293	-7.5958989521777
1.2935	-7.11215849094172
1.294	-6.54743101185449
1.2945	-6.00467694512579
1.295	-5.56425137611421
1.2955	-5.26516496607344
1.296	-5.09619503548295
1.2965	-4.99888684889599
1.297	-4.88175204000724
1.2975	-4.64239690375564
1.298	-4.19248790251572
1.2985	-3.47980357288235
1.299	-2.50228205589865
1.2995	-1.31080068296728
1.3	2.37440275774325E-017
1.3005	1.31080068296728
1.301	2.50228205589865
1.3015	3.47980357288235
1.302	4.19248790251572
1.3025	4.64239690375564
1.303	4.88175204000724
1.3035	4.99888684889599
1.304	5.09619503548295
1.3045	5.26516496607344
1.305	5.56425137611421
1.3055	6.00467694512579
1.306	6.54743101185449
1.3065	7.11215849094172
1.307	7.5958989521777
1.3075	7.89737018080713
1.308	7.94121160668898
1.3085	7.69660397362412
1.309	7.18596249365373
1.3095	6.48166824455377
1.31	5.69153742177316
1.3105	4.93630385958762
1.311	4.32421700733057
1.3115	3.928516863903
1.312	3.77288823122766
1.3125	3.82817004676968
1.313	4.02101991385934
1.3135	4.25249924531197
1.314	4.42227705620322
1.3145	4.45286968270718
1.315	4.30833281291108
1.3155	4.00310121444576
1.316	3.59893722873622
1.3165	3.19068221737454
1.317	2.88407934623217
1.3175	2.77076143400642
1.318	2.90615568783551
1.3185	3.29539702336272
1.319	3.89051434625134
1.3195	4.59957809153121
1.32	5.30576246609644
1.3205	5.89200860726322
1.321	6.26569454998873
1.3215	6.37771772360691
1.322	6.23167567999898
1.3225	5.88109766091221
1.323	5.41541415729051
1.3235	4.93792741645909
1.324	4.54087293087811
1.3245	4.28332186606539
1.325	4.17701613410634
1.3255	4.18340237282654
1.326	4.22255683792048
1.3265	4.19196010088641
1.327	3.99081481582318
1.3275	3.54432092697323
1.328	2.82232373759682
1.3285	1.84803122351157
1.329	0.694764599161086
1.3295	-0.528558872707962
1.33	-1.69993588711285
1.3305	-2.70967804864111
1.331	-3.48294241508984
1.3315	-3.99428925085139
1.332	-4.27099103786809
1.3325	-4.38439226705764
1.333	-4.43135407850342
1.3335	-4.51008505288288
1.334	-4.69594008611347
1.3345	-5.02277005999213
1.335	-5.47412593448508
1.3355	-5.98635513838963
1.336	-6.46289498126488
1.3365	-6.79649359811737
1.337	-6.89426361310879
1.3375	-6.6998156552846
1.338	-6.20737905305506
1.3385	-5.46464444718749
1.339	-4.56363925727091
1.3395	-3.62168192141413
1.34	-2.75672821099716
1.3405	-2.06270340451825
1.341	-1.59041444656185
1.3415	-1.33835641125914
1.342	-1.25546085814167
1.3425	-1.25509929312356
1.343	-1.23707930586475
1.3435	-1.11254402595781
1.344	-0.826025749486681
1.3445	-0.369562952361109
1.345	0.214384555243761
1.3455	0.841913258968889
1.346	1.40650412475036
1.3465	1.80339346342648
1.347	1.95389972297096
1.3475	1.82412054445078
1.348	1.43369544642255
1.3485	0.852597217214604
1.349	0.18665019007439
1.3495	-0.444950342610413
1.35	-0.935016242685415
1.3505	-1.21088118972844
1.351	-1.2489497202556
1.3515	-1.07800472497081
1.352	-0.770572788181754
1.3525	-0.424381129721599
1.353	-0.138206982979245
1.3535	0.0122992765652285
1.354	-0.00676471002117908
1.3545	-0.178790600728093
1.355	-0.439792062999971
1.3555	-0.692736577820105
1.356	-0.829805782852168
1.3565	-0.757488459413022
1.357	-0.418752226474095
1.3575	0.192799762942345
1.358	1.03005335038546
1.3585	2.00147906949993
1.359	2.99015386129103
1.3595	3.87839614450996
1.36	4.57242095098888
1.3605	5.02142133614331
1.361	5.2267619155117
1.3615	5.23923693943128
1.362	5.14507952287384
1.3625	5.04398412294575
1.363	5.02423112773796
1.3635	5.14066206577852
1.364	5.40059545108367
1.3645	5.76094763063342
1.365	6.13724859272587
1.3655	6.42250947472132
1.366	6.51163282610518
1.3665	6.32577779287459
1.367	5.83109349323261
1.3675	5.04751492529844
1.368	4.04558353011188
1.3685	2.93198972067018
1.369	1.82711088275099
1.3695	0.839645563270275
1.37	0.0441043547740044
1.3705	-0.533740657473252
1.371	-0.920172106917297
1.3715	-1.18490856527077
1.372	-1.42258432286764
1.3725	-1.72862818698152
1.373	-2.17512207583147
1.3735	-2.79222068615723
1.374	-3.55943417967969
1.3745	-4.40880988058275
1.375	-5.23931566428756
1.3755	-5.93915339840424
1.376	-6.41090541624894
1.3765	-6.59375894879794
1.377	-6.47771368747173
1.3775	-6.10650516866842
1.378	-5.56855302175819
1.3785	-4.97797830887773
1.379	-4.45000180999702
1.3795	-4.07631586727151
1.38	-3.90602305136726
1.3805	-3.93645543329041
1.381	-4.11592185400755
1.3815	-4.35769655354394
1.382	-4.56198722017436
1.3825	-4.64079391937724
1.383	-4.53991087857101
1.3835	-4.25298174755576
1.384	-3.82434473649244
1.3845	-3.33997855620497
1.385	-2.90859339818189
1.3855	-2.63717694271547
1.386	-2.60658431621151
1.3865	-2.85275983058279
1.387	-3.35789725561854
1.3875	-4.0535775545259
1.388	-4.83518776140887
1.3885	-5.58434839624185
1.389	-6.1942494927014
1.3895	-6.59213539192647
1.39	-6.75383695195437
1.3905	-6.70707575230998
1.391	-6.52283983541293
1.3915	-6.29686455889493
1.392	-6.12551886669727
1.3925	-6.08167744081542
1.393	-6.19615953744852
1.3935	-6.44903583270093
1.394	-6.7728385196107
1.3945	-7.066976475307
1.395	-7.22008290845306
1.3955	-7.13519745144427
1.396	-6.7520265678218
1.3965	-6.06118637907721
1.397	-5.10715954776345
1.3975	-3.97927424551484
1.398	-2.79274848778653
1.3985	-1.66411083289064
1.399	-0.686589315906936
1.3995	0.0889387317618987
1.4	0.663122658240795
1.4005	1.08539317521107
1.401	1.43998252571743
1.4015	1.8239720405435
1.402	2.32245541714489
1.4025	2.98656537141679
1.403	3.81945250982603
1.4035	4.77347934113978
1.404	5.75931769372375
1.4045	6.66490438080262
1.405	7.37994411610592
1.4055	7.8203696851175
1.406	7.94717042658367
1.4065	7.77528114918252
1.407	7.37049144442149
1.4075	6.83507065062592
1.408	6.28538007435013
1.4085	5.82657148825329
1.409	5.53013096131488
1.4095	5.41936871437255
1.41	5.46612991401695
1.4105	5.59942651782842
1.411	5.72395642205975
1.4115	5.74420960389471
1.412	5.58858097121937
1.4125	5.22790946149887
1.413	4.68414257210013
1.4135	4.02709173755576
1.414	3.359977526022
1.4145	2.79703815036833
1.415	2.43830032754025
1.4155	2.34726968210691
1.416	2.53663769855501
1.4165	2.96527470961833
1.417	3.54720200447296
1.4175	4.1705008487356
1.418	4.72184842782722
1.4185	5.11108976335443
1.419	5.29025376098052
1.4195	5.262700749772
1.42	5.08035495834023
1.4205	4.829709077082
1.421	4.60986301764989
1.4215	4.50768523823608
1.422	4.57584414766013
1.4225	4.818798130731
1.423	5.1900066495343
1.4235	5.60105007469989
1.424	5.94061234560729
1.4245	6.0990146060571
1.425	5.99270887409805
1.4255	5.58314178755572
1.426	4.88567949616128
1.4265	3.9665525931302
1.427	2.92851528564197
1.4275	1.88848939463439
1.428	0.952291252225992
1.4285	0.192199691172718
1.429	-0.367534931020128
1.4295	-0.753966380464173
1.43	-1.03681322887206
1.4305	-1.30993863391192
1.431	-1.66724967509813
1.4315	-2.17859651085968
1.432	-2.87125162313891
1.4325	-3.72126960881685
1.433	-4.65676158625963
1.4335	-5.57238458306409
1.434	-6.35177161845232
1.4345	-6.89280254536296
1.435	-7.12995746682393
1.4355	-7.04865466857084
1.436	-6.68830248902109
1.4365	-6.13337093987657
1.437	-5.49452419837961
1.4375	-4.88412291529289
1.438	-4.39168631306335
1.4385	-4.06490503245831
1.439	-3.90051659903011
1.4395	-3.84708942917034
1.44	-3.81902774117838
1.4405	-3.7185349368571
1.441	-3.46044693193268
1.4415	-2.99418794359799
1.442	-2.31776038832288
1.4425	-1.48050680087977
1.443	-0.573956647623958
1.4435	0.287195388771376
1.444	0.98966699050503
1.4445	1.4461297876306
1.445	1.61412396997294
1.4455	1.50503591720968
1.446	1.18109661699415
1.4465	0.741093933245268
1.447	0.298068190632107
1.4475	-0.0459119409200476
1.448	-0.2221360859163
1.4485	-0.209702312966611
1.449	-0.0387573176818207
1.4495	0.218172315630382
1.45	0.464723172043769
1.4505	0.604811550263274
1.451	0.566743019736106
1.4515	0.321734689758369
1.452	-0.107450129940958
1.4525	-0.64978863747781
1.453	-1.20050651316046
1.4535	-1.64353225577362
1.454	-1.87679719539201
1.4545	-1.83462213306694
1.455	-1.50209159318119
1.4555	-0.918144085576316
1.456	-0.166683124611373
1.4565	0.642250955316161
1.457	1.39694051351761
1.4575	2.00849250293405
1.458	2.42979276511464
1.4585	2.66460172774073
1.459	2.76474635353482
1.4595	2.81609661432875
1.46	2.91658941865003
1.4605	3.15138885077248
1.461	3.57093038317285
1.4615	4.17693740925007
1.462	4.91967201511763
1.4625	5.70710678118655
1.463	6.42397054246715
1.4635	6.95635480577023
1.464	7.21628819107538
1.4645	7.1606870453626
1.465	6.80037125096667
1.4655	6.1971019669651
1.466	5.44933329592397
1.4665	4.66994626053574
1.467	3.96106100786178
1.4675	3.39168339295959
1.468	2.98328399993067
1.4685	2.70658221291397
1.469	2.49023354099178
1.4695	2.23938497799946
1.47	1.85979709476571
1.4705	1.28195208251846
1.471	0.479567307811887
1.4715	-0.521785907029977
1.472	-1.64799183062385
1.4725	-2.79092771716274
1.473	-3.83095360817032
1.4735	-4.66225317152806
1.474	-5.21526571201854
1.4745	-5.47110941076397
1.475	-5.46472317204377
1.4755	-5.27603074016344
1.476	-5.01116600151976
1.4765	-4.77806620880623
1.477	-4.66202094748002
1.4775	-4.70676575393924
1.478	-4.90543036351739
1.4785	-5.20338581663394
1.479	-5.51230134017824
1.4795	-5.73214739961036
1.48	-5.77605553673809
1.4805	-5.59228696562926
1.481	-5.17822138418876
1.4815	-4.58310406130015
1.482	-3.89886456193357
1.4825	-3.24105450464806
1.483	-2.7242181385793
1.4835	-2.43728900756405
1.484	-2.42460532176325
1.4845	-2.67685589796417
1.485	-3.1340009059381
1.4855	-3.69947647289668
1.486	-4.26241584855036
1.4865	-4.72279231595362
1.487	-5.01372878795739
1.4875	-5.11587708470711
1.488	-5.06059526916508
1.4885	-4.92122573800105
1.489	-4.79451007797221
1.4895	-4.77644265193476
1.49	-4.93814421196266
1.4905	-5.3073363375808
1.491	-5.85971717717214
1.4915	-6.52227206665114
1.492	-7.18781839687848
1.4925	-7.73750897315427
1.493	-8.06619202281935
1.4935	-8.10486736503978
1.494	-7.83513804979192
1.4945	-7.29238398306321
1.495	-6.55696025021226
1.4955	-5.73545803671509
1.496	-4.93633382783009
1.4965	-4.2454936390855
1.497	-3.70742013303427
1.4975	-3.31615158727405
1.498	-3.01815599554274
1.4985	-2.72641036307185
1.499	-2.34242084824579
1.4995	-1.78109375360893
1.5	-0.992708874098054
1.5005	0.0230936450298597
1.501	1.21457501796122
1.5015	2.48709469878429
1.502	3.72219483187407
1.5025	4.8022581114085
1.503	5.63514524981774
1.5035	6.17321875586897
1.504	6.42244035196454
1.5045	6.43949687304641
1.505	6.3176445859247
1.5055	6.16453815277865
1.506	6.07713794121285
1.5065	6.11944961684367
1.507	6.30819191424028
1.5075	6.6096631428697
1.508	6.94850273259093
1.5085	7.22631090298247
1.509	7.34582370130659
1.5095	7.23506145436426
1.51	6.86586932874613
1.5105	6.26254917606921
1.511	5.49854891430354
1.5115	4.6819100737135
1.512	3.93274943888052
1.5125	3.35787697612804
1.513	3.02831103976128
1.5135	2.96479220737455
1.514	3.13457001826579
1.5145	3.46016080860912
1.515	3.83803974226943
1.5155	4.16296242209862
1.516	4.35233043854672
1.5165	4.36501412434752
1.517	4.21032466271376
1.5175	3.94509334097939
1.518	3.65954889764601
1.5185	3.45525823101558
1.519	3.42022127560969
1.5195	3.60686921743315
1.52	4.01805542815902
1.5205	4.60430156932579
1.521	5.27298567589068
1.5215	5.90742465296527
1.522	6.39153688765184
1.5225	6.63449087072271
1.523	6.58974606426349
1.5235	6.26417273294068
1.524	5.71520483785108
1.5245	5.03671507587589
1.525	4.3368773417592
1.5255	3.71310930218489
1.526	3.22984796382243
1.5265	2.90425306294898
1.527	2.70310777788576
1.5275	2.55161205287518
1.528	2.35203066695518
1.5285	2.00789243116443
1.529	1.44815780897158
1.5295	0.64577303426501
1.53	-0.373690570631263
1.5305	-1.53534614166813
1.531	-2.72954920527934
1.5315	-3.83442804319853
1.532	-4.74128410850974
1.5325	-5.3771011411557
1.533	-5.71906111644085
1.5335	-5.7977920908203
1.534	-5.68864896021153
1.5345	-5.49306313063378
1.535	-5.31426472683222
1.5355	-5.23296192857913
1.536	-5.28856307429191
1.5365	-5.47024828163578
1.537	-5.71993170613582
1.5375	-5.94642244547411
1.538	-6.0475178454022
1.5385	-5.93493751782914
1.539	-5.55634813136896
1.5395	-4.90938895935155
1.54	-4.04443524893459
1.5405	-3.0554122786163
1.541	-2.06070751720349
1.5415	-1.17849520360628
1.542	-0.502067648331171
1.5425	-0.0807673861505861
1.543	0.0891660106168366
1.5435	0.061787881015165
1.544	-0.0726325396761845
1.5445	-0.209701744708248
1.545	-0.255908515397886
1.5455	-0.150795615129165
1.546	0.118797086812937
1.5465	0.515686425489057
1.547	0.961190848872902
1.5475	1.35382747380914
1.548	1.59355665407541
1.5485	1.6059904270251
1.549	1.36098209704736
1.5495	0.881294973871178
1.55	0.239315664287558
1.5505	-0.45748797991794
1.551	-1.08908851260274
1.5515	-1.54829779561246
1.552	-1.76328166227981
1.5525	-1.71208816765902
1.553	-1.42591402091667
1.5535	-0.980409597532825
1.554	-0.477057780662825
1.5545	-0.0189293930752322
1.555	0.313601146810525
1.5555	0.481595329152867
1.556	0.496439533629422
1.5565	0.416843447559951
1.557	0.334640983336401
1.5575	0.352660970595206
1.558	0.559760279743811
1.5585	1.00877019540188
1.559	1.70244682335361
1.5595	2.59068910657253
1.56	3.57971207689082
1.5605	4.55112826550166
1.561	5.38662312316456
1.5615	5.99263014924178
1.562	6.31941142984681
1.5625	6.37022943942734
1.563	6.19856303471093
1.5635	5.89405527558902
1.564	5.56045665873653
1.5645	5.29065455999177
1.565	5.14453971862782
1.5655	5.13480243678389
1.566	5.22392578816776
1.5665	5.33306891877653
1.567	5.36080042259096
1.5675	5.2073761329513
1.568	4.79897673992238
1.5685	4.10632162764315
1.569	3.15335619923258
1.5695	2.01397747024325
1.57	0.797497564584501
1.5705	-0.373879449820391
1.571	-1.39046517755894
1.5715	-2.17761743936883
1.572	-2.71029136080506
1.5725	-3.01633522491895
1.573	-3.16783094992952
1.5735	-3.26251375679887
1.574	-3.39957297202683
1.5745	-3.65541667077226
1.575	-4.06498375731459
1.5755	-4.61290808192265
1.576	-5.23657350927597
1.5765	-5.84036573898744
1.577	-6.31785247981887
1.5775	-6.57679823931007
1.578	-6.56126189585624
1.5785	-6.26568534681515
1.579	-5.73770884793445
1.5795	-5.06902474136956
1.58	-4.3763161220089
1.5805	-3.77659422563755
1.581	-3.36252864419705
1.5815	-3.18336464657096
1.582	-3.23574190369277
1.5825	-3.46646201240427
1.583	-3.78651766876052
1.5835	-4.0931205399029
1.584	-4.29463780713408
1.5845	-4.33268743030302
1.585	-4.19630043611932
1.5855	-3.92488398065289
1.586	-3.59929319030956
1.5865	-3.32305290122444
1.587	-3.19803604796568
1.5875	-3.3001843447154
1.588	-3.6608558544359
1.5885	-4.25810307976026
1.589	-5.01991758572842
1.5895	-5.83874218211597
1.59	-6.59397574430151
1.5905	-7.17736882295163
1.591	-7.51554870951099
1.5915	-7.58457159683236
1.592	-7.41322590463469
1.5925	-7.07438631491347
1.593	-6.66645260809017
1.5935	-6.28917462504807
1.594	-6.01944530980021
1.5945	-5.89264456833403
1.595	-5.89383759197147
1.5955	-5.9608655444713
1.596	-5.9986333580113
1.5965	-5.90132517142435
1.597	-5.5774526184051
1.5975	-4.9719831196129
1.598	-4.08045552572396
1.5985	-2.95181787082806
1.599	-1.67929819000499
1.5995	-0.381354338879748
1.6	0.822983865893656
1.6005	1.83878638502157
1.601	2.61431443269041
1.6015	3.15021735702509
1.602	3.49678732411786
1.6025	3.73995858122728
1.603	3.97931371747889
1.6035	4.30318627049814
1.604	4.76660881962569
1.6045	5.3771973428652
1.605	6.09223707816849
1.6055	6.82766081101944
1.606	7.47687735594203
1.6065	7.93514235683538
1.607	8.12388465423199
1.6075	8.00940255759889
1.608	7.61162539083172
1.6085	7.00090339522626
1.609	6.28352417112538
1.6095	5.57922992202542
1.61	4.9958368433753
1.6105	4.60671764373036
1.611	4.43624938412232
1.6115	4.45650256595728
1.612	4.59587209712132
1.6125	4.75761639085722
1.613	4.844003779753
1.6135	4.78048494736626
1.614	4.53430943299498
1.6145	4.12328346684992
1.615	3.61263223451322
1.6155	3.10066289191741
1.616	2.69649890620787
1.6165	2.49498163897669
1.617	2.55449313037491
1.6175	2.88279381079817
1.618	3.4341413898898
1.6185	4.11838088925638
1.619	4.81996069033887
1.6195	5.42256195742486
1.62	5.83374816815073
1.6205	6.00404098405498
1.621	5.93610833413148
1.6215	5.68201714520906
1.622	5.32923735747063
1.6225	4.97865933838386
1.623	4.71971357889266
1.6235	4.60834120060183
1.624	4.65290530766987
1.6245	4.81130756811968
1.625	5
1.6255	5.11284871691408
1.626	5.04554070381414
1.6265	4.71994580294069
1.627	4.10284719261494
1.6275	3.21473471111598
1.628	2.12662315919896
1.6285	0.945592900983214
1.629	-0.207673723367267
1.6295	-1.22425945110582
1.63	-2.02952210297011
1.6305	-2.59764567184935
1.631	-2.95495671303555
1.6315	-3.17130538495774
1.632	-3.34154469378056
1.6325	-3.56140840116399
1.633	-3.90336837644914
1.6335	-4.39805267609112
1.634	-5.02552630197073
1.6345	-5.71847063838999
1.635	-6.37656425701343
1.6355	-6.88879346091798
1.636	-7.15859555966274
1.6365	-7.12607981397463
1.637	-6.78223123631703
1.6375	-6.17182995323032
1.638	-5.3843951871614
1.6385	-4.53519810309996
1.639	-3.74065539137725
1.6395	-3.09369621935984
1.64	-2.64469583420541
1.6405	-2.39228962037551
1.641	-2.2861150249597
1.6415	-2.24079473378749
1.642	-2.15789918067002
1.6425	-1.95079987152142
1.643	-1.56666552172201
1.6435	-1.00051164916605
1.644	-0.298040047432395
1.6445	0.453420913532548
1.645	1.1438308993313
1.6455	1.66489712486255
1.646	1.93448982680465
1.6465	1.91542584021824
1.647	1.6243135071137
1.6475	1.12841996605292
1.648	0.531257123894196
1.6485	-0.0498411053137494
1.649	-0.509050388323467
1.6495	-0.774536558467672
1.65	-0.822983865893656
1.6505	-0.682895487674151
1.651	-0.425965854361948
1.6515	-0.148558380883277
1.652	0.0524110777119025
1.6525	0.103604572332686
1.653	-0.026174606187487
1.6535	-0.31728693929203
1.654	-0.702465288419036
1.6545	-1.08122892325645
1.655	-1.34223038552832
1.6555	-1.38843715621796
1.656	-1.15939199870943
1.6565	-0.645456082621264
1.657	0.10923347558019
1.6575	1.015783628836
1.658	1.95949969447299
1.6585	2.82446293539359
1.659	3.51813956334532
1.6595	3.99042852130172
1.66	4.24283473513162
1.6605	4.32572075774545
1.661	4.32432359298335
1.6615	4.33679861690293
1.662	4.44937894447598
1.6625	4.71439790708849
1.663	5.13626350452972
1.6635	5.66864776783281
1.664	6.22357931697733
1.6645	6.69039397472096
1.665	6.96023245861953
1.6655	6.9504951767756
1.666	6.62366520289694
1.6665	5.99619157701733
1.667	5.13539291483475
1.6675	4.14507660277009
1.668	3.14314520758353
1.6685	2.23628914227232
1.669	1.49752466689373
1.6695	0.951677940062034
1.67	0.57209005682829
1.6705	0.289243208420404
1.671	0.00927423717024037
1.6715	-0.361924699377116
1.672	-0.894598620813353
1.6725	-1.61659581018977
1.673	-2.50470829168873
1.6735	-3.48792126455508
1.674	-4.46187250220804
1.6745	-5.3112482031111
1.675	-5.93501624268541
1.6755	-6.2687396142615
1.676	-6.29887303945718
1.6765	-6.06577324674365
1.677	-5.65472982157807
1.6775	-5.17705882458089
1.678	-4.74556915586453
1.6785	-4.44999260682344
1.679	-4.33796943320527
1.6795	-4.40590208312877
1.68	-4.60172362976512
1.6805	-4.83889375581876
1.681	-5.0183601765359
1.6815	-5.05339713194179
1.682	-4.89157343603162
1.6825	-4.52876154258549
1.683	-4.01192517651673
1.6835	-3.4299978816621
1.684	-2.8948983924049
1.6845	-2.51699469031131
1.685	-2.38060769612761
1.6855	-2.52514456592371
1.686	-2.93617053206877
1.6865	-3.54846040898065
1.687	-4.2603355781469
1.6875	-4.95601587705425
1.688	-5.53088833980673
1.6885	-5.91393461209911
1.689	-6.08221711590964
1.6895	-6.06414968987218
1.69	-5.93085308606071
1.6905	-5.77762940822244
1.691	-5.69985596951928
1.6915	-5.76887885684065
1.692	-6.01348648990551
1.6925	-6.41126365667268
1.693	-6.89186011584638
1.6935	-7.35147415522928
1.694	-7.67527684213906
1.6945	-7.76267705370486
1.695	-7.54966912431031
1.6955	-7.02316507465251
1.696	-6.22404086576752
1.6965	-5.23820251318355
1.697	-4.17771320367591
1.6975	-3.15629037962118
1.698	-2.26476278573225
1.6985	-1.55207845609888
1.699	-1.01617553176419
1.6995	-0.606761846635958
1.7	-0.239315664287558
1.7005	0.182954852682721
1.701	0.744281947319575
1.7015	1.49438582468624
1.702	2.43448779393665
1.7025	3.51455107347107
1.703	4.64243637571968
1.7035	5.70292568522732
1.704	6.5823015596174
1.7045	7.19289008285691
1.705	7.49197649289768
1.7055	7.49078346926024
1.706	7.25146984818582
1.7065	6.87284282665416
1.707	6.46805312189314
1.7075	6.13937007222806
1.708	5.95579385849287
1.7085	5.93860386504504
1.709	6.05811666336916
1.7095	6.24235258026621
1.71	6.39557625810448
1.7105	6.42241038372207
1.711	6.25194212411403
1.7115	5.85624198068647
1.712	5.25899475536211
1.7125	4.53220888310101
1.713	3.78170424957178
1.7135	3.12465341502741
1.714	2.66427694762415
1.7145	2.46745193451107
1.715	2.55033270433201
1.7155	2.8752553841612
1.716	3.35962156444867
1.7165	3.89472105370587
1.717	4.37018587036662
1.7175	4.69848655078988
1.718	4.83388080461898
1.7185	4.78150354749717
1.719	4.59455318258266
1.7195	4.36026242724365
1.72	4.17791663581188
1.7205	4.13400849868415
1.721	4.28027680179263
1.7215	4.61971761502784
1.722	5.10382984971442
1.7225	5.64178199662466
1.723	6.11945299362184
1.7235	6.42403394059354
1.724	6.46859804766158
1.7245	6.21104698284886
1.725	5.66312265824079
1.7255	4.88744120915787
1.726	3.98324117363292
1.7265	3.06411427060185
1.727	2.23281470724411
1.7275	1.55890317877713
1.728	1.06432362901775
1.7285	0.720185393227003
1.729	0.455448934873528
1.7295	0.175479963623364
1.73	-0.213829362978402
1.7305	-0.781952931857636
1.731	-1.55521729830637
1.7315	-2.50818272671694
1.732	-3.56695220153677
1.7325	-4.6237079313452
1.733	-5.55919990878799
1.7335	-6.26808516146195
1.734	-6.68135783430958
1.7345	-6.7807701685712
1.735	-6.60197176476964
1.7355	-6.22567080267719
1.736	-5.75885614493356
1.7365	-5.31038707398292
1.737	-4.96653849632532
1.7375	-4.77209053850113
1.738	-4.72127252892061
1.7385	-4.76060561085617
1.739	-4.80295492155846
1.7395	-4.74952775169869
1.74	-4.51472831957624
1.7405	-4.04812115271436
1.741	-3.34841455514092
1.7415	-2.4662022415437
1.742	-1.49477652242923
1.7425	-0.551060456792232
1.743	0.249027218269698
1.7435	0.815181090825661
1.744	1.10169936729679
1.7445	1.11654357177334
1.745	0.918423391575087
1.7455	0.602597594681331
1.746	0.278658294465799
1.7465	0.0453933548474106
1.747	-0.0315180252251523
1.7475	0.0661204358717108
1.748	0.305849616137985
1.7485	0.613281552927046
1.749	0.890689026405716
1.7495	1.04115618152404
1.75	0.992708874098054
1.7505	0.716843927055033
1.751	0.237156803878847
1.7515	-0.373965888639488
1.752	-1.00988845246931
1.7525	-1.55222696000616
1.753	-1.89620709155832
1.7535	-1.97311847163088
1.754	-1.76476481860025
1.7545	-1.30663643101266
1.755	-0.679107727287529
1.7555	0.011302258511221
1.756	0.656300741282283
1.7565	1.17023665737045
1.757	1.50897289030937
1.7575	1.6789062870768
1.758	1.73409218671678
1.7585	1.76216340521238
1.759	1.86230803100647
1.7595	2.12039603593089
1.76	2.58700320279277
1.7605	3.26342122756424
1.761	4.09891608522714
1.7615	4.99992127514373
1.762	5.84911835920517
1.7625	6.5300906470802
1.763	6.95195624452143
1.7635	7.06838718256199
1.764	6.88670197521812
1.7645	6.46498646696475
1.765	5.89793292843832
1.7655	5.29466364443675
1.766	4.75363271752611
1.7665	4.34036004467848
1.767	4.07309338465353
1.7675	3.91966909501388
1.768	3.80626786582433
1.7685	3.6360285570015
1.769	3.31321740688544
1.7695	2.76737068005374
1.77	1.97182947155747
1.7705	0.9523658666612
1.771	-0.216133270585971
1.7715	-1.42422422955833
1.772	-2.5504301531522
1.7725	-3.4866282955606
1.773	-4.16053982402758
1.7735	-4.5502207947363
1.774	-4.68728000996425
1.7745	-4.64812554487031
1.775	-4.53527682795623
1.7755	-4.45304687426979
1.776	-4.48318029946547
1.7765	-4.66603383201447
1.777	-4.99160716333728
1.7775	-5.4024663323371
1.778	-5.80786868604574
1.7785	-6.10582413916229
1.779	-6.2080019185761
1.7795	-6.06173361546762
1.78	-5.66402315994633
1.7805	-5.06430126357498
1.781	-4.3552375182951
1.7815	-3.65365771721261
1.782	-3.07588069603991
1.7825	-2.71306880259378
1.783	-2.61218576178755
1.7835	-2.76687522342131
1.784	-3.12030590016111
1.7845	-3.57929422049253
1.785	-4.03643922846646
1.7855	-4.39517705129454
1.786	-4.59200206440762
1.7865	-4.61075993916186
1.787	-4.48574308590311
1.7875	-4.29289321881345
1.788	-4.13114892507755
1.7885	-4.0982418721074
1.789	-4.26652437591793
1.7895	-4.664410275143
1.79	-5.26773042781992
1.7905	-6.00303691597865
1.791	-6.76215549970049
1.7915	-7.4247103891795
1.792	-7.88351897527634
1.7925	-8.06709518901153
1.793	-7.95415964602759
1.7935	-7.57688166298549
1.794	-7.01215418389826
1.7945	-6.36293763897568
1.795	-5.7339763843186
1.7955	-5.2074723346608
1.796	-4.82430145103833
1.7965	-4.57507985494276
1.797	-4.40312071143212
1.7975	-4.2185899098024
1.798	-3.9205943180711
1.7985	-3.42211094146971
1.799	-2.67200706410304
1.7995	-1.66906137681717
1.8	-0.464723172043768
1.8005	0.846077510923516
1.801	2.14402136204876
1.8015	3.31007856467795
1.802	4.25018053392836
1.8025	4.91429048820026
1.803	5.30555903396048
1.8035	5.47751817747111
1.804	5.52000202943619
1.8045	5.53705855051806
1.805	5.62194400752685
1.8055	5.83495193692139
1.806	6.1891703180046
1.8065	6.64743531889795
1.807	7.13117578013393
1.8075	7.53910948695724
1.808	7.77148659848458
1.8085	7.75429660503676
1.809	7.45785607809835
1.8095	6.90547523850701
1.81	6.17016875034827
1.8105	5.36011085354086
1.811	4.59611059177519
1.8115	3.98620949531564
1.812	3.60316322302326
1.8125	3.4699093529198
1.813	3.55629674181557
1.8135	3.7877760732682
1.814	4.06401636235333
1.8145	4.28314467450278
1.815	4.36602544432372
1.8155	4.27499479889038
1.816	4.02274422268946
1.8165	3.66931354594966
1.817	3.3078863401854
1.8175	3.04265501845104
1.818	2.96384831924815
1.8185	3.12567201515833
1.819	3.53225365240145
1.8195	4.13485491948744
1.82	4.84103929405267
1.8205	5.53374791341333
1.821	6.09596954178434
1.8215	6.43541035501955
1.822	6.5035692644436
1.8225	6.30490465486545
1.823	5.89404548586563
1.8235	5.36173441041233
1.824	4.81276651532273
1.8245	4.34101449747803
1.825	4.00729112590195
1.8255	3.82514167897665
1.826	3.75783366587671
1.8265	3.72723692884264
1.827	3.63255412197329
1.8275	3.37459591876884
1.828	2.88001636900946
1.8285	2.11992480795619
1.829	1.11857159311432
1.8295	-0.0499275441328468
1.83	-1.27612889315962
1.8305	-2.43778446419649
1.831	-3.4252497836772
1.8315	-4.16401425905579
1.832	-4.62925173171798
1.8325	-4.84911543910141
1.833	-4.89607725054719
1.8335	-4.86834574673277
1.834	-4.86566509431787
1.8345	-4.96507742857949
1.835	-5.20223235004046
1.8355	-5.56254814443639
1.836	-5.98426365268977
1.8365	-6.37268660416413
1.837	-6.62237002866417
1.8375	-6.64212302387196
1.838	-6.37710406125945
1.8385	-5.82290514103738
1.839	-5.02836242931467
1.8395	-4.08640509345789
1.84	-3.11498890484705
1.8405	-2.23242841272265
1.841	-1.53272181514921
1.8415	-1.06646282681452
1.842	-0.83165386418843
1.8425	-0.776467964548443
1.843	-0.813272311911516
1.8435	-0.840650441513188
1.844	-0.768333118074042
1.8445	-0.539287960565507
1.845	-0.143876138606127
1.8455	0.37719008692512
1.846	0.941780952706594
1.8465	1.44513276957659
1.847	1.78417471476656
1.8475	1.88181317586342
1.848	1.70558903086717
1.8485	1.27640421116784
1.849	0.665281518649506
1.8495	-0.0211433486571755
1.85	-0.663122658240795
1.8505	-1.1531885583158
1.851	-1.41867472846
1.8515	-1.4362654188207
1.852	-1.23529596022552
1.8525	-0.889104301765367
1.853	-0.496467676829133
1.8535	-0.157425731639169
1.854	0.0509279213914601
1.8545	0.0931029837165262
1.855	-0.0159850690467341
1.8555	-0.21410524924499
1.856	-0.405998788898931
1.8565	-0.485594874968402
1.857	-0.361059595061456
1.8575	0.023074754737947
1.858	0.671792656535569
1.8585	1.53675589745617
1.859	2.52543068924726
1.8595	3.52013545066007
1.86	4.40269594278448
1.8605	5.07911396755595
1.861	5.49865549995632
1.8615	5.66304393338452
1.862	5.62371085144896
1.8625	5.46779111689899
1.863	5.29612471218258
1.8635	5.19835469719116
1.864	5.23087044287927
1.8645	5.40268693678353
1.865	5.6725254206821
1.8655	5.95778630267755
1.866	6.1533721322553
1.8665	6.15605278467019
1.867	5.88878612464524
1.8675	5.31940850974306
1.868	4.46939052406512
1.8685	3.41062104924529
1.869	2.25091787670423
1.8695	1.11153914771489
1.87	0.101796986186643
1.8705	-0.70346566567765
1.871	-1.27843280076718
1.8715	-1.64963173731454
1.872	-1.88730749491141
1.8725	-2.08688888083141
1.873	-2.34484708403587
1.8735	-2.73452805474459
1.874	-3.28754059523507
1.8745	-3.98500288662951
1.875	-4.76068433571244
1.8755	-5.515346404451
1.876	-6.13901183180432
1.8765	-6.5360663173853
1.877	-6.64743869567613
1.8775	-6.46476586251831
1.878	-6.03327619380195
1.8785	-5.4427014809215
1.879	-4.80826250384691
1.8795	-4.24604087547591
1.88	-3.84833041995462
1.8805	-3.66456184884579
1.881	-3.69211486005431
1.8815	-3.87906522496882
1.882	-4.13818022622112
1.8825	-4.36890033493263
1.883	-4.48221824715838
1.8835	-4.42270675576016
1.884	-4.18260543034232
1.8845	-3.80470172824874
1.885	-3.37331657022566
1.8855	-2.99543763656535
1.886	-2.7763093244159
1.8865	-2.79506719917015
1.887	-3.08600367117392
1.8875	-3.62977056057266
1.888	-4.35655643283376
1.8885	-5.16054140228861
1.889	-5.92235590825678
1.8895	-6.53444276051383
1.89	-6.92356196015877
1.8905	-7.06533644615987
1.891	-6.9875630074567
1.8915	-6.7615877309387
1.892	-6.48377956054716
1.8925	-6.25140244901982
1.893	-6.13846690603588
1.8935	-6.17714224825631
1.894	-6.34903152565747
1.8945	-6.58834514673189
1.895	-6.79627591449982
1.8955	-6.86330386699965
1.896	-6.69433393640916
1.8965	-6.23091138728161
1.897	-5.46542024161334
1.8975	-4.44399741755861
1.898	-3.2574716598303
1.8985	-2.02237152674052
1.899	-0.856314324111334
1.8995	0.146631363174538
1.9	0.935016242685415
1.9005	1.50920016916431
1.901	1.91861385429255
1.9015	2.24777903449673
1.902	2.59434900158951
1.9025	3.04425800282943
1.903	3.64972750162163
1.9035	4.4152186472899
1.904	5.29459452167998
1.9045	6.20018120875885
1.905	7.02168342225603
1.9055	7.6506446769131
1.906	8.00486305799631
1.9065	8.04717473362714
1.907	7.79429843837473
1.9075	7.31370197920103
1.908	6.70918706830337
1.9085	6.09846507269791
1.909	5.58782359272752
1.9095	5.24964370616816
1.91	5.10786922016706
1.9105	5.13470334578465
1.911	5.25923325001598
1.9115	5.38594891004482
1.912	5.41885596301497
1.9125	5.28560209291151
1.913	4.95603615654475
1.9135	4.450898731509
1.914	3.83860885459712
1.9145	3.22084514432157
1.915	2.71019391198487
1.9155	2.40496231351955
1.916	2.36691269035061
1.9165	2.60701401576845
1.917	3.08247883242919
1.9175	3.70577767669183
1.918	4.36358773397733
1.9185	4.94136475515004
1.919	5.34794639239316
1.9195	5.53459433421662
1.92	5.50416195229347
1.9205	5.30834040565712
1.921	5.03367001160312
1.9215	4.7795788226807
1.922	4.63353677907277
1.9225	4.6490731225266
1.923	4.83174595568442
1.9235	5.13632690265612
1.924	5.47588917356352
1.9245	5.74075391220721
1.925	5.82298386589366
1.9255	5.64083441896836
1.926	5.1575730806059
1.9265	4.39035958708344
1.927	3.40714661421708
1.9275	2.31229638858762
1.928	1.22418483667061
1.9285	0.249892322585357
1.929	-0.537259939224526
1.9295	-1.11222707431406
1.93	-1.50153640091583
1.9305	-1.77466180595569
1.931	-2.02551036894801
1.9315	-2.34832151906408
1.932	-2.81355899172627
1.9325	-3.44937602437223
1.933	-4.2329545923064
1.9335	-5.09375325448898
1.934	-5.92796462449909
1.9345	-6.62090896091834
1.935	-7.07226483541129
1.9355	-7.21837967677524
1.936	-7.04656318287098
1.9365	-6.59809411192034
1.937	-5.95924737042338
1.9375	-5.24238360914278
1.938	-4.56141132126774
1.9385	-4.00721240104567
1.939	-3.62862301458549
1.9395	-3.4232824352171
1.94	-3.34039641260326
1.9405	-3.29472794290386
1.941	-3.18855334748806
1.9415	-2.93649531218535
1.942	-2.48748539652728
1.9425	-1.83876749472966
1.943	-1.03867981966773
1.9435	-0.177527783272393
1.944	0.631406296655142
1.9445	1.2764047794262
1.945	1.67181660138558
1.9455	1.7769295016543
1.946	1.60490361094739
1.9465	1.21972526182038
1.947	0.721875184585344
1.9475	0.225981643524572
1.948	-0.164443454503661
1.9485	-0.379427321171008
1.949	-0.397018011531709
1.9495	-0.246550856413386
1.95	8.99345702076726E-017
1.9505	0.246550856413386
1.951	0.397018011531709
1.9515	0.379427321171008
1.952	0.164443454503661
1.9525	-0.225981643524572
1.953	-0.721875184585344
1.9535	-1.21972526182038
1.954	-1.60490361094739
1.9545	-1.7769295016543
1.955	-1.67181660138558
1.9555	-1.2764047794262
1.956	-0.631406296655142
1.9565	0.177527783272393
1.957	1.03867981966773
1.9575	1.83876749472966
1.958	2.48748539652728
1.9585	2.93649531218535
1.959	3.18855334748806
1.9595	3.29472794290386
1.96	3.34039641260326
1.9605	3.4232824352171
1.961	3.62862301458549
1.9615	4.00721240104567
1.962	4.56141132126774
1.9625	5.24238360914278
1.963	5.95924737042338
1.9635	6.59809411192034
1.964	7.04656318287098
1.9645	7.21837967677524
1.965	7.07226483541129
1.9655	6.62090896091834
1.966	5.92796462449909
1.9665	5.09375325448898
1.967	4.2329545923064
1.9675	3.44937602437223
1.968	2.81355899172627
1.9685	2.34832151906408
1.969	2.02551036894801
1.9695	1.77466180595569
1.97	1.50153640091583
1.9705	1.11222707431406
1.971	0.537259939224526
1.9715	-0.249892322585357
1.972	-1.22418483667061
1.9725	-2.31229638858762
1.973	-3.40714661421708
1.9735	-4.39035958708344
1.974	-5.1575730806059
1.9745	-5.64083441896836
1.975	-5.82298386589366
1.9755	-5.74075391220721
1.976	-5.47588917356352
1.9765	-5.13632690265612
1.977	-4.83174595568442
1.9775	-4.6490731225266
1.978	-4.63353677907277
1.9785	-4.7795788226807
1.979	-5.03367001160312
1.9795	-5.30834040565712
1.98	-5.50416195229347
1.9805	-5.53459433421662
1.981	-5.34794639239316
1.9815	-4.94136475515004
1.982	-4.36358773397733
1.9825	-3.70577767669183
1.983	-3.08247883242919
1.9835	-2.60701401576845
1.984	-2.36691269035061
1.9845	-2.40496231351955
1.985	-2.71019391198487
1.9855	-3.22084514432157
1.986	-3.83860885459712
1.9865	-4.450898731509
1.987	-4.95603615654475
1.9875	-5.28560209291151
1.988	-5.41885596301497
1.9885	-5.38594891004482
1.989	-5.25923325001598
1.9895	-5.13470334578465
1.99	-5.10786922016706
1.9905	-5.24964370616816
1.991	-5.58782359272752
1.9915	-6.09846507269791
1.992	-6.70918706830337
1.9925	-7.31370197920103
1.993	-7.79429843837473
1.9935	-8.04717473362714
1.994	-8.00486305799631
1.9945	-7.6506446769131
1.995	-7.02168342225603
1.9955	-6.20018120875885
1.996	-5.29459452167998
1.9965	-4.4152186472899
1.997	-3.64972750162163
1.9975	-3.04425800282943
1.998	-2.59434900158951
1.9985	-2.24777903449673
1.999	-1.91861385429255
1.9995	-1.50920016916431
