-0.000914028782869628
0.00021664784563097
0.00132702480337946
0.000321503576180185
-0.0019237561474822
-0.00146850977034129
0.00236257265534496
0.0034847912849934
-0.00199229778294532
-0.00628377733870708
-4.01732118649724E-007
0.0092668342320912
0.00434352544705469
-0.0112709539481321
-0.0114028708457349
0.0106301199046651
0.0209646245353072
-0.00525753588665365
-0.0321560096815916
-0.00754581652625347
0.0435456981388318
0.0325939056353462
-0.0534128319167287
-0.0856823843383046
0.0601210594991702
0.311185143893537
0.4375
0.311185143893537
0.0601210594991702
-0.0856823843383046
-0.0534128319167287
0.0325939056353462
0.0435456981388318
-0.00754581652625347
-0.0321560096815916
-0.00525753588665365
0.0209646245353072
0.0106301199046651
-0.0114028708457349
-0.0112709539481321
0.00434352544705469
0.0092668342320912
-4.01732118649724E-007
-0.00628377733870708
-0.00199229778294532
0.0034847912849934
0.00236257265534496
-0.00146850977034129
-0.0019237561474822
0.000321503576180185
0.00132702480337946
0.00021664784563097
-0.000914028782869628






