1.137E-005
6.005E-005
6.762E-005
-1.361E-006
-0.0001367
-0.0002785
-0.0003414
-0.0002572
-1.823E-005
0.0003023
0.0005684
0.0006361
0.0004252
-2.722E-005
-0.0005612
-0.0009483
-0.0009904
-0.0006189
5.43E-005
0.0007667
0.001212
0.001181
0.0006639
-0.0001295
-0.0008617
-0.001223
-0.00108
-0.0005385
0.0001132
0.0005614
0.0006341
0.0003923
8.607E-005
-6.665E-006
0.0002305
0.0006479
0.000887
0.0005877
-0.000358
-0.001655
-0.002669
-0.002712
-0.001429
0.0009186
0.003448
0.004981
0.004592
0.002112
-0.001663
-0.005222
-0.006972
-0.005974
-0.002448
0.002244
0.006155
0.007622
0.006036
0.002137
-0.002334
-0.00546
-0.006063
-0.004231
-0.001203
0.001353
0.002266
0.001505
0.0001517
-0.000298
0.001057
0.003787
0.006152
0.005969
0.001948
-0.005213
-0.01268
-0.0165
-0.01356
-0.003393
0.01092
0.02355
0.02829
0.02147
0.004127
-0.01772
-0.03513
-0.03994
-0.02852
-0.003961
0.02465
0.04561
0.04951
0.03345
0.002776
-0.03069
-0.05335
-0.05547
-0.03545
-0.000765
0.03491
0.05727
0.05727
0.03491
-0.000765
-0.03545
-0.05547
-0.05335
-0.03069
0.002776
0.03345
0.04951
0.04561
0.02465
-0.003961
-0.02852
-0.03994
-0.03513
-0.01772
0.004127
0.02147
0.02829
0.02355
0.01092
-0.003393
-0.01356
-0.0165
-0.01268
-0.005213
0.001948
0.005969
0.006152
0.003787
0.001057
-0.000298
0.0001517
0.001505
0.002266
0.001353
-0.001203
-0.004231
-0.006063
-0.00546
-0.002334
0.002137
0.006036
0.007622
0.006155
0.002244
-0.002448
-0.005974
-0.006972
-0.005222
-0.001663
0.002112
0.004592
0.004981
0.003448
0.0009186
-0.001429
-0.002712
-0.002669
-0.001655
-0.000358
0.0005877
0.000887
0.0006479
0.0002305
-6.665E-006
8.607E-005
0.0003923
0.0006341
0.0005614
0.0001132
-0.0005385
-0.00108
-0.001223
-0.0008617
-0.0001295
0.0006639
0.001181
0.001212
0.0007667
5.43E-005
-0.0006189
-0.0009904
-0.0009483
-0.0005612
-2.722E-005
0.0004252
0.0006361
0.0005684
0.0003023
-1.823E-005
-0.0002572
-0.0003414
-0.0002785
-0.0001367
-1.361E-006
6.762E-005
6.005E-005
1.137E-005
