 0.00000000000000E+0000
 1.06645458634786E+0001
 1.25122819439432E+0001
 6.66574721480768E+0000
 1.24790317501327E+0000
 1.56434465040231E-0001
-9.35188626863239E-0001
-6.35349566009263E+0000
-1.22008015372490E+0001
-1.03541439983612E+0001
 3.09016994374947E-0001
 1.09718730246457E+0001
 1.28176159770985E+0001
 6.96878679212395E+0000
 1.54834923301404E+0000
 4.53990499739547E-0001
-6.40816267347248E-0001
-6.06259748573880E+0000
-1.19136646294349E+0001
-1.00710517265483E+0001
 5.87785252292473E-0001
 1.12460421580534E+0001
 1.30869154141625E+0001
 7.23295076681282E+0000
 1.80711704737765E+0000
 7.07106781186548E-0001
-3.93601314027552E-0001
-5.82152783185871E+0000
-1.16789781816381E+0001
-9.84298009202481E+0000
 8.09016994374947E-0001
 1.14602156786750E+0001
 1.32938193499159E+0001
 7.43238092849311E+0000
 1.99887662149283E+0000
 8.91006524188368E-0001
-2.17742888982944E-0001
-5.65388427580519E+0000
-1.15197149385256E+0001
-9.69225433544627E+0000
 9.51056516295154E-0001
 1.15934287900774E+0001
 1.34180745855425E+0001
 7.54755566342792E+0000
 2.10485719217765E+0000
 9.87688340595138E-0001
-1.30455240134486E-0001
-5.57607693688609E+0000
-1.14514646959856E+0001
-9.63362854403477E+0000
 1.00000000000000E+0000
 1.16326416647662E+0001
 1.34475181528421E+0001
 7.56720086609225E+0000
 2.11468464276344E+0000
 9.87688340595138E-0001
-1.40282690720275E-0001
-5.59572213955042E+0000
-1.14809082632852E+0001
-9.67284141872356E+0000
 9.51056516295154E-0001
 1.15740158733547E+0001
 1.33792679103021E+0001
 7.48939352717315E+0000
 2.02739699391498E+0000
 8.91006524188368E-0001
-2.46263261405100E-0001
-5.71089687448523E+0000
-1.16051634989118E+0001
-9.80605453012594E+0000
 8.09016994374947E-0001
 1.14232901167761E+0001
 1.32200046671896E+0001
 7.32174997111963E+0000
 1.85153856887037E+0000
 7.07106781186548E-0001
-4.38022835520275E-0001
-5.91032703616552E+0000
-1.18120674346652E+0001
-1.00202280507475E+0001
 5.87785252292473E-0001
 1.11952184822526E+0001
 1.29853182193929E+0001
 7.08068031723954E+0000
 1.60432361555068E+0000
 4.53990499739547E-0001
-6.96790649883891E-0001
-6.17449101085439E+0000
-1.20813668717292E+0001
-1.02943971841552E+0001
 3.09016994374947E-0001
 1.09121262104397E+0001
 1.26981813115787E+0001
 6.78978214288571E+0000
 1.30995125603469E+0000
 1.56434465040231E-0001
-9.97236707884659E-0001
-6.47753058817066E+0000
-1.23867009048845E+0001
-1.06017243453223E+0001
 4.49943901581484E-0018
 1.06017243453223E+0001
 1.23867009048845E+0001
 6.47753058817066E+0000
 9.97236707884659E-0001
-1.56434465040231E-0001
-1.30995125603469E+0000
-6.78978214288571E+0000
-1.26981813115787E+0001
-1.09121262104397E+0001
-3.09016994374947E-0001
 1.02943971841552E+0001
 1.20813668717292E+0001
 6.17449101085439E+0000
 6.96790649883891E-0001
-4.53990499739547E-0001
-1.60432361555068E+0000
-7.08068031723954E+0000
-1.29853182193929E+0001
-1.11952184822526E+0001
-5.87785252292473E-0001
 1.00202280507475E+0001
 1.18120674346652E+0001
 5.91032703616552E+0000
 4.38022835520275E-0001
-7.07106781186548E-0001
-1.85153856887037E+0000
-7.32174997111963E+0000
-1.32200046671896E+0001
-1.14232901167761E+0001
-8.09016994374947E-0001
 9.80605453012594E+0000
 1.16051634989118E+0001
 5.71089687448523E+0000
 2.46263261405100E-0001
-8.91006524188368E-0001
-2.02739699391498E+0000
-7.48939352717315E+0000
-1.33792679103021E+0001
-1.15740158733547E+0001
-9.51056516295154E-0001
 9.67284141872356E+0000
 1.14809082632852E+0001
 5.59572213955042E+0000
 1.40282690720275E-0001
-9.87688340595138E-0001
-2.11468464276344E+0000
-7.56720086609225E+0000
-1.34475181528421E+0001
-1.16326416647662E+0001
-1.00000000000000E+0000
 9.63362854403477E+0000
 1.14514646959856E+0001
 5.57607693688609E+0000
 1.30455240134486E-0001
-9.87688340595138E-0001
-2.10485719217765E+0000
-7.54755566342792E+0000
-1.34180745855425E+0001
-1.15934287900774E+0001
-9.51056516295154E-0001
 9.69225433544627E+0000
 1.15197149385256E+0001
 5.65388427580519E+0000
 2.17742888982944E-0001
-8.91006524188368E-0001
-1.99887662149283E+0000
-7.43238092849311E+0000
-1.32938193499159E+0001
-1.14602156786750E+0001
-8.09016994374947E-0001
 9.84298009202481E+0000
 1.16789781816381E+0001
 5.82152783185871E+0000
 3.93601314027552E-0001
-7.07106781186548E-0001
-1.80711704737765E+0000
-7.23295076681282E+0000
-1.30869154141625E+0001
-1.12460421580534E+0001
-5.87785252292473E-0001
 1.00710517265483E+0001
 1.19136646294349E+0001
 6.06259748573880E+0000
 6.40816267347248E-0001
-4.53990499739547E-0001
-1.54834923301404E+0000
-6.96878679212395E+0000
-1.28176159770985E+0001
-1.09718730246457E+0001
-3.09016994374948E-0001
 1.03541439983612E+0001
 1.22008015372490E+0001
 6.35349566009263E+0000
 9.35188626863239E-0001
-1.56434465040231E-0001
-1.24790317501327E+0000
-6.66574721480768E+0000
-1.25122819439432E+0001
-1.06645458634786E+0001
 8.34835672813838E-0018
 1.06645458634786E+0001
 1.25122819439432E+0001
 6.66574721480768E+0000
 1.24790317501327E+0000
 1.56434465040231E-0001
-9.35188626863239E-0001
-6.35349566009263E+0000
-1.22008015372490E+0001
-1.03541439983612E+0001
 3.09016994374947E-0001
 1.09718730246457E+0001
 1.28176159770985E+0001
 6.96878679212395E+0000
 1.54834923301404E+0000
 4.53990499739547E-0001
-6.40816267347248E-0001
-6.06259748573880E+0000
-1.19136646294349E+0001
-1.00710517265483E+0001
 5.87785252292473E-0001
 1.12460421580534E+0001
 1.30869154141625E+0001
 7.23295076681282E+0000
 1.80711704737765E+0000
 7.07106781186548E-0001
-3.93601314027552E-0001
-5.82152783185871E+0000
-1.16789781816381E+0001
-9.84298009202481E+0000
 8.09016994374947E-0001
 1.14602156786750E+0001
 1.32938193499159E+0001
 7.43238092849311E+0000
 1.99887662149283E+0000
 8.91006524188368E-0001
-2.17742888982944E-0001
-5.65388427580519E+0000
-1.15197149385256E+0001
-9.69225433544627E+0000
 9.51056516295154E-0001
 1.15934287900774E+0001
 1.34180745855425E+0001
 7.54755566342792E+0000
 2.10485719217765E+0000
 9.87688340595138E-0001
-1.30455240134486E-0001
-5.57607693688609E+0000
-1.14514646959856E+0001
-9.63362854403477E+0000
 1.00000000000000E+0000
 1.16326416647662E+0001
 1.34475181528421E+0001
 7.56720086609225E+0000
 2.11468464276344E+0000
 9.87688340595138E-0001
-1.40282690720275E-0001
-5.59572213955042E+0000
-1.14809082632852E+0001
-9.67284141872356E+0000
 9.51056516295154E-0001
 1.15740158733547E+0001
 1.33792679103021E+0001
 7.48939352717315E+0000
 2.02739699391498E+0000
 8.91006524188368E-0001
-2.46263261405100E-0001
-5.71089687448523E+0000
-1.16051634989118E+0001
-9.80605453012594E+0000
 8.09016994374948E-0001
 1.14232901167761E+0001
 1.32200046671896E+0001
 7.32174997111963E+0000
 1.85153856887037E+0000
 7.07106781186548E-0001
-4.38022835520275E-0001
-5.91032703616552E+0000
-1.18120674346652E+0001
-1.00202280507475E+0001
 5.87785252292473E-0001
 1.11952184822526E+0001
 1.29853182193929E+0001
 7.08068031723954E+0000
 1.60432361555068E+0000
 4.53990499739547E-0001
-6.96790649883891E-0001
-6.17449101085439E+0000
-1.20813668717292E+0001
-1.02943971841552E+0001
 3.09016994374947E-0001
 1.09121262104397E+0001
 1.26981813115787E+0001
 6.78978214288571E+0000
 1.30995125603469E+0000
 1.56434465040231E-0001
-9.97236707884659E-0001
-6.47753058817066E+0000
-1.23867009048845E+0001
-1.06017243453223E+0001
 1.51408833387601E-0016
 1.06017243453223E+0001
 1.23867009048845E+0001
 6.47753058817066E+0000
 9.97236707884659E-0001
-1.56434465040231E-0001
-1.30995125603469E+0000
-6.78978214288571E+0000
-1.26981813115787E+0001
-1.09121262104397E+0001
-3.09016994374947E-0001
 1.02943971841552E+0001
 1.20813668717292E+0001
 6.17449101085439E+0000
 6.96790649883891E-0001
-4.53990499739547E-0001
-1.60432361555068E+0000
-7.08068031723954E+0000
-1.29853182193929E+0001
-1.11952184822526E+0001
-5.87785252292473E-0001
 1.00202280507475E+0001
 1.18120674346652E+0001
 5.91032703616552E+0000
 4.38022835520275E-0001
-7.07106781186548E-0001
-1.85153856887037E+0000
-7.32174997111963E+0000
-1.32200046671896E+0001
-1.14232901167761E+0001
-8.09016994374948E-0001
 9.80605453012594E+0000
 1.16051634989118E+0001
 5.71089687448523E+0000
 2.46263261405100E-0001
-8.91006524188368E-0001
-2.02739699391498E+0000
-7.48939352717315E+0000
-1.33792679103021E+0001
-1.15740158733547E+0001
-9.51056516295154E-0001
 9.67284141872356E+0000
 1.14809082632852E+0001
 5.59572213955042E+0000
 1.40282690720275E-0001
-9.87688340595138E-0001
-2.11468464276344E+0000
-7.56720086609225E+0000
-1.34475181528421E+0001
-1.16326416647662E+0001
-1.00000000000000E+0000
 9.63362854403477E+0000
 1.14514646959856E+0001
 5.57607693688609E+0000
 1.30455240134486E-0001
-9.87688340595138E-0001
-2.10485719217765E+0000
-7.54755566342792E+0000
-1.34180745855425E+0001
-1.15934287900774E+0001
-9.51056516295154E-0001
 9.69225433544627E+0000
 1.15197149385256E+0001
 5.65388427580519E+0000
 2.17742888982944E-0001
-8.91006524188368E-0001
-1.99887662149283E+0000
-7.43238092849311E+0000
-1.32938193499159E+0001
-1.14602156786750E+0001
-8.09016994374947E-0001
 9.84298009202481E+0000
 1.16789781816381E+0001
 5.82152783185871E+0000
 3.93601314027552E-0001
-7.07106781186548E-0001
-1.80711704737765E+0000
-7.23295076681282E+0000
-1.30869154141625E+0001
-1.12460421580534E+0001
-5.87785252292473E-0001
 1.00710517265483E+0001
 1.19136646294349E+0001
 6.06259748573880E+0000
 6.40816267347248E-0001
-4.53990499739547E-0001
-1.54834923301404E+0000
-6.96878679212395E+0000
-1.28176159770985E+0001
-1.09718730246457E+0001
-3.09016994374948E-0001
 1.03541439983612E+0001
 1.22008015372490E+0001
 6.35349566009263E+0000
 9.35188626863239E-0001
-1.56434465040231E-0001
-1.24790317501327E+0000
-6.66574721480768E+0000
-1.25122819439432E+0001
-1.06645458634786E+0001
 1.66967134562768E-0017
 1.06645458634786E+0001
 1.25122819439432E+0001
 6.66574721480768E+0000
 1.24790317501327E+0000
 1.56434465040231E-0001
-9.35188626863239E-0001
-6.35349566009263E+0000
-1.22008015372490E+0001
-1.03541439983612E+0001
 3.09016994374948E-0001
 1.09718730246457E+0001
 1.28176159770985E+0001
 6.96878679212395E+0000
 1.54834923301404E+0000
 4.53990499739547E-0001
-6.40816267347248E-0001
-6.06259748573880E+0000
-1.19136646294349E+0001
-1.00710517265483E+0001
 5.87785252292473E-0001
 1.12460421580534E+0001
 1.30869154141625E+0001
 7.23295076681282E+0000
 1.80711704737765E+0000
 7.07106781186548E-0001
-3.93601314027552E-0001
-5.82152783185871E+0000
-1.16789781816381E+0001
-9.84298009202481E+0000
 8.09016994374948E-0001
 1.14602156786750E+0001
 1.32938193499159E+0001
 7.43238092849311E+0000
 1.99887662149283E+0000
 8.91006524188368E-0001
-2.17742888982944E-0001
-5.65388427580519E+0000
-1.15197149385256E+0001
-9.69225433544627E+0000
 9.51056516295154E-0001
 1.15934287900774E+0001
 1.34180745855425E+0001
 7.54755566342792E+0000
 2.10485719217765E+0000
 9.87688340595138E-0001
-1.30455240134486E-0001
-5.57607693688609E+0000
-1.14514646959856E+0001
-9.63362854403477E+0000
 1.00000000000000E+0000
 1.16326416647662E+0001
 1.34475181528421E+0001
 7.56720086609225E+0000
 2.11468464276344E+0000
 9.87688340595138E-0001
-1.40282690720275E-0001
-5.59572213955042E+0000
-1.14809082632852E+0001
-9.67284141872356E+0000
 9.51056516295154E-0001
 1.15740158733547E+0001
 1.33792679103021E+0001
 7.48939352717315E+0000
 2.02739699391498E+0000
 8.91006524188368E-0001
-2.46263261405100E-0001
-5.71089687448523E+0000
-1.16051634989118E+0001
-9.80605453012594E+0000
 8.09016994374948E-0001
 1.14232901167761E+0001
 1.32200046671896E+0001
 7.32174997111963E+0000
 1.85153856887037E+0000
 7.07106781186548E-0001
-4.38022835520275E-0001
-5.91032703616552E+0000
-1.18120674346652E+0001
-1.00202280507475E+0001
 5.87785252292473E-0001
 1.11952184822526E+0001
 1.29853182193929E+0001
 7.08068031723954E+0000
 1.60432361555068E+0000
 4.53990499739547E-0001
-6.96790649883891E-0001
-6.17449101085439E+0000
-1.20813668717292E+0001
-1.02943971841552E+0001
 3.09016994374948E-0001
 1.09121262104397E+0001
 1.26981813115787E+0001
 6.78978214288571E+0000
 1.30995125603469E+0000
 1.56434465040231E-0001
-9.97236707884659E-0001
-6.47753058817066E+0000
-1.23867009048845E+0001
-1.06017243453223E+0001
 4.37096105837531E-0016
 1.06017243453223E+0001
 1.23867009048845E+0001
 6.47753058817066E+0000
 9.97236707884659E-0001
-1.56434465040231E-0001
-1.30995125603469E+0000
-6.78978214288571E+0000
-1.26981813115787E+0001
-1.09121262104397E+0001
-3.09016994374947E-0001
 1.02943971841552E+0001
 1.20813668717292E+0001
 6.17449101085439E+0000
 6.96790649883891E-0001
-4.53990499739547E-0001
-1.60432361555068E+0000
-7.08068031723954E+0000
-1.29853182193929E+0001
-1.11952184822526E+0001
-5.87785252292473E-0001
 1.00202280507475E+0001
 1.18120674346652E+0001
 5.91032703616552E+0000
 4.38022835520275E-0001
-7.07106781186548E-0001
-1.85153856887037E+0000
-7.32174997111963E+0000
-1.32200046671896E+0001
-1.14232901167761E+0001
-8.09016994374947E-0001
 9.80605453012594E+0000
 1.16051634989118E+0001
 5.71089687448523E+0000
 2.46263261405100E-0001
-8.91006524188368E-0001
-2.02739699391498E+0000
-7.48939352717315E+0000
-1.33792679103021E+0001
-1.15740158733547E+0001
-9.51056516295153E-0001
 9.67284141872356E+0000
 1.14809082632852E+0001
 5.59572213955042E+0000
 1.40282690720275E-0001
-9.87688340595138E-0001
-2.11468464276344E+0000
-7.56720086609225E+0000
-1.34475181528421E+0001
-1.16326416647662E+0001
-1.00000000000000E+0000
 9.63362854403477E+0000
 1.14514646959856E+0001
 5.57607693688609E+0000
 1.30455240134486E-0001
-9.87688340595138E-0001
-2.10485719217765E+0000
-7.54755566342792E+0000
-1.34180745855425E+0001
-1.15934287900774E+0001
-9.51056516295154E-0001
 9.69225433544627E+0000
 1.15197149385256E+0001
 5.65388427580519E+0000
 2.17742888982944E-0001
-8.91006524188368E-0001
-1.99887662149283E+0000
-7.43238092849311E+0000
-1.32938193499159E+0001
-1.14602156786750E+0001
-8.09016994374947E-0001
 9.84298009202481E+0000
 1.16789781816381E+0001
 5.82152783185871E+0000
 3.93601314027552E-0001
-7.07106781186548E-0001
-1.80711704737765E+0000
-7.23295076681282E+0000
-1.30869154141625E+0001
-1.12460421580534E+0001
-5.87785252292473E-0001
 1.00710517265483E+0001
 1.19136646294349E+0001
 6.06259748573880E+0000
 6.40816267347248E-0001
-4.53990499739547E-0001
-1.54834923301404E+0000
-6.96878679212395E+0000
-1.28176159770985E+0001
-1.09718730246457E+0001
-3.09016994374947E-0001
 1.03541439983612E+0001
 1.22008015372490E+0001
 6.35349566009263E+0000
 9.35188626863239E-0001
-1.56434465040231E-0001
-1.24790317501327E+0000
-6.66574721480768E+0000
-1.25122819439432E+0001
-1.06645458634786E+0001
 3.04335549816681E-0016
 1.06645458634786E+0001
 1.25122819439432E+0001
 6.66574721480768E+0000
 1.24790317501327E+0000
 1.56434465040231E-0001
-9.35188626863239E-0001
-6.35349566009263E+0000
-1.22008015372490E+0001
-1.03541439983612E+0001
 3.09016994374947E-0001
 1.09718730246457E+0001
 1.28176159770985E+0001
 6.96878679212395E+0000
 1.54834923301404E+0000
 4.53990499739547E-0001
-6.40816267347248E-0001
-6.06259748573880E+0000
-1.19136646294349E+0001
-1.00710517265483E+0001
 5.87785252292473E-0001
 1.12460421580534E+0001
 1.30869154141625E+0001
 7.23295076681282E+0000
 1.80711704737765E+0000
 7.07106781186548E-0001
-3.93601314027552E-0001
-5.82152783185871E+0000
-1.16789781816381E+0001
-9.84298009202481E+0000
 8.09016994374947E-0001
 1.14602156786750E+0001
 1.32938193499159E+0001
 7.43238092849311E+0000
 1.99887662149283E+0000
 8.91006524188368E-0001
-2.17742888982944E-0001
-5.65388427580519E+0000
-1.15197149385256E+0001
-9.69225433544627E+0000
 9.51056516295154E-0001
 1.15934287900774E+0001
 1.34180745855425E+0001
 7.54755566342792E+0000
 2.10485719217765E+0000
 9.87688340595138E-0001
-1.30455240134486E-0001
-5.57607693688609E+0000
-1.14514646959856E+0001
-9.63362854403477E+0000
 1.00000000000000E+0000
 1.16326416647662E+0001
 1.34475181528421E+0001
 7.56720086609225E+0000
 2.11468464276344E+0000
 9.87688340595138E-0001
-1.40282690720275E-0001
-5.59572213955042E+0000
-1.14809082632852E+0001
-9.67284141872356E+0000
 9.51056516295153E-0001
 1.15740158733547E+0001
 1.33792679103021E+0001
 7.48939352717315E+0000
 2.02739699391498E+0000
 8.91006524188368E-0001
-2.46263261405100E-0001
-5.71089687448523E+0000
-1.16051634989118E+0001
-9.80605453012594E+0000
 8.09016994374948E-0001
 1.14232901167761E+0001
 1.32200046671896E+0001
 7.32174997111963E+0000
 1.85153856887037E+0000
 7.07106781186548E-0001
-4.38022835520275E-0001
-5.91032703616552E+0000
-1.18120674346652E+0001
-1.00202280507475E+0001
 5.87785252292473E-0001
 1.11952184822526E+0001
 1.29853182193929E+0001
 7.08068031723954E+0000
 1.60432361555068E+0000
 4.53990499739547E-0001
-6.96790649883891E-0001
-6.17449101085439E+0000
-1.20813668717292E+0001
-1.02943971841552E+0001
 3.09016994374948E-0001
 1.09121262104397E+0001
 1.26981813115787E+0001
 6.78978214288571E+0000
 1.30995125603469E+0000
 1.56434465040231E-0001
-9.97236707884659E-0001
-6.47753058817066E+0000
-1.23867009048845E+0001
-1.06017243453223E+0001
 1.69406589450860E-0016
 1.06017243453223E+0001
 1.23867009048845E+0001
 6.47753058817066E+0000
 9.97236707884659E-0001
-1.56434465040231E-0001
-1.30995125603469E+0000
-6.78978214288571E+0000
-1.26981813115787E+0001
-1.09121262104397E+0001
-3.09016994374947E-0001
 1.02943971841552E+0001
 1.20813668717292E+0001
 6.17449101085439E+0000
 6.96790649883891E-0001
-4.53990499739547E-0001
-1.60432361555068E+0000
-7.08068031723954E+0000
-1.29853182193929E+0001
-1.11952184822526E+0001
-5.87785252292473E-0001
 1.00202280507475E+0001
 1.18120674346652E+0001
 5.91032703616552E+0000
 4.38022835520275E-0001
-7.07106781186548E-0001
-1.85153856887038E+0000
-7.32174997111963E+0000
-1.32200046671896E+0001
-1.14232901167761E+0001
-8.09016994374947E-0001
 9.80605453012594E+0000
 1.16051634989118E+0001
 5.71089687448523E+0000
 2.46263261405100E-0001
-8.91006524188368E-0001
-2.02739699391498E+0000
-7.48939352717315E+0000
-1.33792679103021E+0001
-1.15740158733547E+0001
-9.51056516295154E-0001
 9.67284141872356E+0000
 1.14809082632852E+0001
 5.59572213955042E+0000
 1.40282690720275E-0001
-9.87688340595138E-0001
-2.11468464276344E+0000
-7.56720086609225E+0000
-1.34475181528421E+0001
-1.16326416647662E+0001
-1.00000000000000E+0000
 9.63362854403477E+0000
 1.14514646959856E+0001
 5.57607693688609E+0000
 1.30455240134486E-0001
-9.87688340595138E-0001
-2.10485719217765E+0000
-7.54755566342792E+0000
-1.34180745855425E+0001
-1.15934287900774E+0001
-9.51056516295154E-0001
 9.69225433544627E+0000
 1.15197149385256E+0001
 5.65388427580519E+0000
 2.17742888982944E-0001
-8.91006524188368E-0001
-1.99887662149283E+0000
-7.43238092849311E+0000
-1.32938193499159E+0001
-1.14602156786750E+0001
-8.09016994374947E-0001
 9.84298009202481E+0000
 1.16789781816381E+0001
 5.82152783185871E+0000
 3.93601314027552E-0001
-7.07106781186548E-0001
-1.80711704737765E+0000
-7.23295076681282E+0000
-1.30869154141625E+0001
-1.12460421580534E+0001
-5.87785252292473E-0001
 1.00710517265483E+0001
 1.19136646294349E+0001
 6.06259748573880E+0000
 6.40816267347248E-0001
-4.53990499739547E-0001
-1.54834923301404E+0000
-6.96878679212395E+0000
-1.28176159770985E+0001
-1.09718730246457E+0001
-3.09016994374947E-0001
 1.03541439983612E+0001
 1.22008015372490E+0001
 6.35349566009263E+0000
 9.35188626863239E-0001
-1.56434465040231E-0001
-1.24790317501327E+0000
-6.66574721480768E+0000
-1.25122819439432E+0001
-1.06645458634786E+0001
 3.33934269125535E-0017
 1.06645458634786E+0001
 1.25122819439432E+0001
 6.66574721480768E+0000
 1.24790317501327E+0000
 1.56434465040231E-0001
-9.35188626863239E-0001
-6.35349566009263E+0000
-1.22008015372490E+0001
-1.03541439983612E+0001
 3.09016994374948E-0001
 1.09718730246457E+0001
 1.28176159770985E+0001
 6.96878679212395E+0000
 1.54834923301404E+0000
 4.53990499739547E-0001
-6.40816267347248E-0001
-6.06259748573880E+0000
-1.19136646294349E+0001
-1.00710517265483E+0001
 5.87785252292473E-0001
 1.12460421580534E+0001
 1.30869154141625E+0001
 7.23295076681282E+0000
 1.80711704737765E+0000
 7.07106781186548E-0001
-3.93601314027552E-0001
-5.82152783185871E+0000
-1.16789781816381E+0001
-9.84298009202481E+0000
 8.09016994374947E-0001
 1.14602156786750E+0001
 1.32938193499159E+0001
 7.43238092849311E+0000
 1.99887662149283E+0000
 8.91006524188368E-0001
-2.17742888982944E-0001
-5.65388427580519E+0000
-1.15197149385256E+0001
-9.69225433544627E+0000
 9.51056516295153E-0001
 1.15934287900774E+0001
 1.34180745855425E+0001
 7.54755566342792E+0000
 2.10485719217765E+0000
 9.87688340595138E-0001
-1.30455240134486E-0001
-5.57607693688609E+0000
-1.14514646959856E+0001
-9.63362854403477E+0000
 1.00000000000000E+0000
 1.16326416647662E+0001
 1.34475181528421E+0001
 7.56720086609225E+0000
 2.11468464276344E+0000
 9.87688340595138E-0001
-1.40282690720275E-0001
-5.59572213955042E+0000
-1.14809082632852E+0001
-9.67284141872356E+0000
 9.51056516295154E-0001
 1.15740158733547E+0001
 1.33792679103021E+0001
 7.48939352717315E+0000
 2.02739699391498E+0000
 8.91006524188368E-0001
-2.46263261405100E-0001
-5.71089687448523E+0000
-1.16051634989118E+0001
-9.80605453012594E+0000
 8.09016994374948E-0001
 1.14232901167761E+0001
 1.32200046671896E+0001
 7.32174997111963E+0000
 1.85153856887037E+0000
 7.07106781186548E-0001
-4.38022835520275E-0001
-5.91032703616552E+0000
-1.18120674346652E+0001
-1.00202280507475E+0001
 5.87785252292474E-0001
 1.11952184822526E+0001
 1.29853182193929E+0001
 7.08068031723954E+0000
 1.60432361555068E+0000
 4.53990499739547E-0001
-6.96790649883891E-0001
-6.17449101085439E+0000
-1.20813668717292E+0001
-1.02943971841552E+0001
 3.09016994374948E-0001
 1.09121262104397E+0001
 1.26981813115787E+0001
 6.78978214288571E+0000
 1.30995125603469E+0000
 1.56434465040231E-0001
-9.97236707884659E-0001
-6.47753058817066E+0000
-1.23867009048845E+0001
-1.06017243453223E+0001
 1.00933801247538E-0015
 1.06017243453223E+0001
 1.23867009048845E+0001
 6.47753058817066E+0000
 9.97236707884659E-0001
-1.56434465040231E-0001
-1.30995125603469E+0000
-6.78978214288571E+0000
-1.26981813115787E+0001
-1.09121262104397E+0001
-3.09016994374947E-0001
 1.02943971841552E+0001
 1.20813668717292E+0001
 6.17449101085439E+0000
 6.96790649883891E-0001
-4.53990499739547E-0001
-1.60432361555068E+0000
-7.08068031723954E+0000
-1.29853182193929E+0001
-1.11952184822526E+0001
-5.87785252292473E-0001
 1.00202280507475E+0001
 1.18120674346652E+0001
 5.91032703616552E+0000
 4.38022835520275E-0001
-7.07106781186548E-0001
-1.85153856887038E+0000
-7.32174997111963E+0000
-1.32200046671896E+0001
-1.14232901167761E+0001
-8.09016994374948E-0001
 9.80605453012594E+0000
 1.16051634989118E+0001
 5.71089687448523E+0000
 2.46263261405100E-0001
-8.91006524188368E-0001
-2.02739699391498E+0000
-7.48939352717315E+0000
-1.33792679103021E+0001
-1.15740158733547E+0001
-9.51056516295153E-0001
 9.67284141872356E+0000
 1.14809082632852E+0001
 5.59572213955042E+0000
 1.40282690720275E-0001
-9.87688340595138E-0001
-2.11468464276344E+0000
-7.56720086609225E+0000
-1.34475181528421E+0001
-1.16326416647662E+0001
-1.00000000000000E+0000
 9.63362854403477E+0000
 1.14514646959856E+0001
 5.57607693688609E+0000
 1.30455240134486E-0001
-9.87688340595138E-0001
-2.10485719217765E+0000
-7.54755566342792E+0000
-1.34180745855425E+0001
-1.15934287900774E+0001
-9.51056516295153E-0001
 9.69225433544627E+0000
 1.15197149385256E+0001
 5.65388427580519E+0000
 2.17742888982944E-0001
-8.91006524188368E-0001
-1.99887662149283E+0000
-7.43238092849311E+0000
-1.32938193499159E+0001
-1.14602156786750E+0001
-8.09016994374947E-0001
 9.84298009202481E+0000
 1.16789781816381E+0001
 5.82152783185871E+0000
 3.93601314027552E-0001
-7.07106781186548E-0001
-1.80711704737765E+0000
-7.23295076681282E+0000
-1.30869154141625E+0001
-1.12460421580534E+0001
-5.87785252292472E-0001
 1.00710517265483E+0001
 1.19136646294349E+0001
 6.06259748573880E+0000
 6.40816267347248E-0001
-4.53990499739547E-0001
-1.54834923301404E+0000
-6.96878679212395E+0000
-1.28176159770985E+0001
-1.09718730246457E+0001
-3.09016994374947E-0001
 1.03541439983612E+0001
 1.22008015372490E+0001
 6.35349566009263E+0000
 9.35188626863239E-0001
-1.56434465040231E-0001
-1.24790317501327E+0000
-6.66574721480768E+0000
-1.25122819439432E+0001
-1.06645458634786E+0001
 8.77878499061513E-0016
 1.06645458634786E+0001
 1.25122819439432E+0001
 6.66574721480769E+0000
 1.24790317501327E+0000
 1.56434465040231E-0001
-9.35188626863239E-0001
-6.35349566009263E+0000
-1.22008015372490E+0001
-1.03541439983612E+0001
 3.09016994374948E-0001
 1.09718730246457E+0001
 1.28176159770985E+0001
 6.96878679212395E+0000
 1.54834923301404E+0000
 4.53990499739547E-0001
-6.40816267347248E-0001
-6.06259748573880E+0000
-1.19136646294349E+0001
-1.00710517265483E+0001
 5.87785252292473E-0001
 1.12460421580534E+0001
 1.30869154141625E+0001
 7.23295076681282E+0000
 1.80711704737765E+0000
 7.07106781186548E-0001
-3.93601314027552E-0001
-5.82152783185871E+0000
-1.16789781816381E+0001
-9.84298009202481E+0000
 8.09016994374947E-0001
 1.14602156786750E+0001
 1.32938193499159E+0001
 7.43238092849311E+0000
 1.99887662149283E+0000
 8.91006524188368E-0001
-2.17742888982944E-0001
-5.65388427580519E+0000
-1.15197149385256E+0001
-9.69225433544627E+0000
 9.51056516295154E-0001
 1.15934287900774E+0001
 1.34180745855425E+0001
 7.54755566342792E+0000
 2.10485719217765E+0000
 9.87688340595138E-0001
-1.30455240134486E-0001
-5.57607693688609E+0000
-1.14514646959856E+0001
-9.63362854403477E+0000
 1.00000000000000E+0000
 1.16326416647662E+0001
 1.34475181528421E+0001
 7.56720086609225E+0000
 2.11468464276344E+0000
 9.87688340595138E-0001
-1.40282690720275E-0001
-5.59572213955042E+0000
-1.14809082632852E+0001
-9.67284141872356E+0000
 9.51056516295154E-0001
 1.15740158733547E+0001
 1.33792679103021E+0001
 7.48939352717315E+0000
 2.02739699391498E+0000
 8.91006524188368E-0001
-2.46263261405100E-0001
-5.71089687448523E+0000
-1.16051634989118E+0001
-9.80605453012594E+0000
 8.09016994374947E-0001
 1.14232901167761E+0001
 1.32200046671896E+0001
 7.32174997111963E+0000
 1.85153856887037E+0000
 7.07106781186548E-0001
-4.38022835520275E-0001
-5.91032703616552E+0000
-1.18120674346652E+0001
-1.00202280507475E+0001
 5.87785252292474E-0001
 1.11952184822526E+0001
 1.29853182193929E+0001
 7.08068031723954E+0000
 1.60432361555068E+0000
 4.53990499739547E-0001
-6.96790649883891E-0001
-6.17449101085439E+0000
-1.20813668717292E+0001
-1.02943971841552E+0001
 3.09016994374948E-0001
 1.09121262104397E+0001
 1.26981813115787E+0001
 6.78978214288571E+0000
 1.30995125603469E+0000
 1.56434465040231E-0001
-9.97236707884659E-0001
-6.47753058817066E+0000
-1.23867009048845E+0001
-1.06017243453223E+0001
 7.42515857826698E-0016
 1.06017243453223E+0001
 1.23867009048845E+0001
 6.47753058817066E+0000
 9.97236707884659E-0001
-1.56434465040231E-0001
-1.30995125603469E+0000
-6.78978214288571E+0000
-1.26981813115787E+0001
-1.09121262104397E+0001
-3.09016994374947E-0001
 1.02943971841552E+0001
 1.20813668717292E+0001
 6.17449101085439E+0000
 6.96790649883891E-0001
-4.53990499739547E-0001
-1.60432361555068E+0000
-7.08068031723954E+0000
-1.29853182193929E+0001
-1.11952184822526E+0001
-5.87785252292473E-0001
 1.00202280507475E+0001
 1.18120674346652E+0001
 5.91032703616552E+0000
 4.38022835520275E-0001
-7.07106781186548E-0001
-1.85153856887037E+0000
-7.32174997111963E+0000
-1.32200046671896E+0001
-1.14232901167761E+0001
-8.09016994374948E-0001
 9.80605453012594E+0000
 1.16051634989118E+0001
 5.71089687448523E+0000
 2.46263261405100E-0001
-8.91006524188368E-0001
-2.02739699391498E+0000
-7.48939352717315E+0000
-1.33792679103021E+0001
-1.15740158733547E+0001
-9.51056516295154E-0001
 9.67284141872356E+0000
 1.14809082632852E+0001
 5.59572213955042E+0000
 1.40282690720275E-0001
-9.87688340595138E-0001
-2.11468464276344E+0000
-7.56720086609225E+0000
-1.34475181528421E+0001
-1.16326416647662E+0001
-9.99999999999999E-0001
 9.63362854403477E+0000
 1.14514646959856E+0001
 5.57607693688609E+0000
 1.30455240134485E-0001
-9.87688340595138E-0001
-2.10485719217765E+0000
-7.54755566342792E+0000
-1.34180745855425E+0001
-1.15934287900774E+0001
-9.51056516295153E-0001
 9.69225433544627E+0000
 1.15197149385256E+0001
 5.65388427580519E+0000
 2.17742888982944E-0001
-8.91006524188368E-0001
-1.99887662149283E+0000
-7.43238092849311E+0000
-1.32938193499159E+0001
-1.14602156786750E+0001
-8.09016994374947E-0001
 9.84298009202481E+0000
 1.16789781816381E+0001
 5.82152783185871E+0000
 3.93601314027552E-0001
-7.07106781186548E-0001
-1.80711704737765E+0000
-7.23295076681282E+0000
-1.30869154141625E+0001
-1.12460421580534E+0001
-5.87785252292473E-0001
 1.00710517265483E+0001
 1.19136646294349E+0001
 6.06259748573880E+0000
 6.40816267347248E-0001
-4.53990499739547E-0001
-1.54834923301404E+0000
-6.96878679212395E+0000
-1.28176159770985E+0001
-1.09718730246457E+0001
-3.09016994374946E-0001
 1.03541439983612E+0001
 1.22008015372490E+0001
 6.35349566009263E+0000
 9.35188626863239E-0001
-1.56434465040231E-0001
-1.24790317501327E+0000
-6.66574721480768E+0000
-1.25122819439432E+0001
-1.06645458634786E+0001
 6.08671099633362E-0016
 1.06645458634786E+0001
 1.25122819439432E+0001
 6.66574721480768E+0000
 1.24790317501327E+0000
 1.56434465040231E-0001
-9.35188626863239E-0001
-6.35349566009263E+0000
-1.22008015372490E+0001
-1.03541439983612E+0001
 3.09016994374948E-0001
 1.09718730246457E+0001
 1.28176159770985E+0001
 6.96878679212395E+0000
 1.54834923301404E+0000
 4.53990499739547E-0001
-6.40816267347248E-0001
-6.06259748573880E+0000
-1.19136646294349E+0001
-1.00710517265483E+0001
 5.87785252292473E-0001
 1.12460421580534E+0001
 1.30869154141625E+0001
 7.23295076681282E+0000
 1.80711704737765E+0000
 7.07106781186548E-0001
-3.93601314027552E-0001
-5.82152783185871E+0000
-1.16789781816381E+0001
-9.84298009202481E+0000
 8.09016994374948E-0001
 1.14602156786750E+0001
 1.32938193499159E+0001
 7.43238092849311E+0000
 1.99887662149283E+0000
 8.91006524188368E-0001
-2.17742888982944E-0001
-5.65388427580519E+0000
-1.15197149385256E+0001
-9.69225433544627E+0000
 9.51056516295153E-0001
 1.15934287900774E+0001
 1.34180745855425E+0001
 7.54755566342792E+0000
 2.10485719217765E+0000
 9.87688340595138E-0001
-1.30455240134486E-0001
-5.57607693688609E+0000
-1.14514646959856E+0001
-9.63362854403477E+0000
 1.00000000000000E+0000
 1.16326416647662E+0001
 1.34475181528421E+0001
 7.56720086609225E+0000
 2.11468464276344E+0000
 9.87688340595138E-0001
-1.40282690720275E-0001
-5.59572213955042E+0000
-1.14809082632852E+0001
-9.67284141872356E+0000
 9.51056516295154E-0001
 1.15740158733547E+0001
 1.33792679103021E+0001
 7.48939352717315E+0000
 2.02739699391498E+0000
 8.91006524188368E-0001
-2.46263261405100E-0001
-5.71089687448523E+0000
-1.16051634989118E+0001
-9.80605453012594E+0000
 8.09016994374948E-0001
 1.14232901167761E+0001
 1.32200046671896E+0001
 7.32174997111963E+0000
 1.85153856887037E+0000
 7.07106781186548E-0001
-4.38022835520275E-0001
-5.91032703616552E+0000
-1.18120674346652E+0001
-1.00202280507475E+0001
 5.87785252292473E-0001
 1.11952184822526E+0001
 1.29853182193929E+0001
 7.08068031723954E+0000
 1.60432361555068E+0000
 4.53990499739547E-0001
-6.96790649883891E-0001
-6.17449101085439E+0000
-1.20813668717292E+0001
-1.02943971841552E+0001
 3.09016994374948E-0001
 1.09121262104397E+0001
 1.26981813115787E+0001
 6.78978214288571E+0000
 1.30995125603469E+0000
 1.56434465040231E-0001
-9.97236707884659E-0001
-6.47753058817066E+0000
-1.23867009048845E+0001
-1.06017243453223E+0001
 4.72224256226061E-0016
 1.06017243453223E+0001
 1.23867009048845E+0001
 6.47753058817066E+0000
 9.97236707884659E-0001
-1.56434465040231E-0001
-1.30995125603469E+0000
-6.78978214288571E+0000
-1.26981813115787E+0001
-1.09121262104397E+0001
-3.09016994374947E-0001
 1.02943971841552E+0001
 1.20813668717292E+0001
 6.17449101085439E+0000
 6.96790649883890E-0001
-4.53990499739547E-0001
-1.60432361555068E+0000
-7.08068031723954E+0000
-1.29853182193929E+0001
-1.11952184822526E+0001
-5.87785252292474E-0001
 1.00202280507475E+0001
 1.18120674346652E+0001
 5.91032703616552E+0000
 4.38022835520275E-0001
-7.07106781186548E-0001
-1.85153856887038E+0000
-7.32174997111963E+0000
-1.32200046671896E+0001
-1.14232901167761E+0001
-8.09016994374947E-0001
 9.80605453012594E+0000
 1.16051634989118E+0001
 5.71089687448523E+0000
 2.46263261405100E-0001
-8.91006524188368E-0001
-2.02739699391498E+0000
-7.48939352717315E+0000
-1.33792679103021E+0001
-1.15740158733547E+0001
-9.51056516295153E-0001
 9.67284141872356E+0000
 1.14809082632852E+0001
 5.59572213955042E+0000
 1.40282690720274E-0001
-9.87688340595138E-0001
-2.11468464276344E+0000
-7.56720086609225E+0000
-1.34475181528421E+0001
-1.16326416647662E+0001
-1.00000000000000E+0000
 9.63362854403477E+0000
 1.14514646959856E+0001
 5.57607693688609E+0000
 1.30455240134485E-0001
-9.87688340595138E-0001
-2.10485719217765E+0000
-7.54755566342792E+0000
-1.34180745855425E+0001
-1.15934287900774E+0001
-9.51056516295154E-0001
 9.69225433544627E+0000
 1.15197149385256E+0001
 5.65388427580519E+0000
 2.17742888982944E-0001
-8.91006524188368E-0001
-1.99887662149283E+0000
-7.43238092849311E+0000
-1.32938193499159E+0001
-1.14602156786750E+0001
-8.09016994374947E-0001
 9.84298009202481E+0000
 1.16789781816381E+0001
 5.82152783185871E+0000
 3.93601314027552E-0001
-7.07106781186548E-0001
-1.80711704737765E+0000
-7.23295076681282E+0000
-1.30869154141625E+0001
-1.12460421580534E+0001
-5.87785252292472E-0001
 1.00710517265483E+0001
 1.19136646294349E+0001
 6.06259748573880E+0000
 6.40816267347248E-0001
-4.53990499739547E-0001
-1.54834923301404E+0000
-6.96878679212395E+0000
-1.28176159770985E+0001
-1.09718730246457E+0001
-3.09016994374948E-0001
 1.03541439983612E+0001
 1.22008015372490E+0001
 6.35349566009263E+0000
 9.35188626863239E-0001
-1.56434465040231E-0001
-1.24790317501327E+0000
-6.66574721480768E+0000
-1.25122819439432E+0001
-1.06645458634786E+0001
 3.37728976729235E-0016
 1.06645458634786E+0001
 1.25122819439432E+0001
 6.66574721480768E+0000
 1.24790317501327E+0000
 1.56434465040231E-0001
-9.35188626863239E-0001
-6.35349566009263E+0000
-1.22008015372490E+0001
-1.03541439983612E+0001
 3.09016994374947E-0001
 1.09718730246457E+0001
 1.28176159770985E+0001
 6.96878679212395E+0000
 1.54834923301404E+0000
 4.53990499739547E-0001
-6.40816267347249E-0001
-6.06259748573880E+0000
-1.19136646294349E+0001
-1.00710517265483E+0001
 5.87785252292474E-0001
 1.12460421580534E+0001
 1.30869154141625E+0001
 7.23295076681282E+0000
 1.80711704737765E+0000
 7.07106781186548E-0001
-3.93601314027552E-0001
-5.82152783185871E+0000
-1.16789781816381E+0001
-9.84298009202481E+0000
 8.09016994374949E-0001
 1.14602156786750E+0001
 1.32938193499159E+0001
 7.43238092849311E+0000
 1.99887662149283E+0000
 8.91006524188368E-0001
-2.17742888982944E-0001
-5.65388427580519E+0000
-1.15197149385256E+0001
-9.69225433544627E+0000
 9.51056516295153E-0001
 1.15934287900774E+0001
 1.34180745855425E+0001
 7.54755566342792E+0000
 2.10485719217765E+0000
 9.87688340595138E-0001
-1.30455240134486E-0001
-5.57607693688609E+0000
-1.14514646959856E+0001
-9.63362854403477E+0000
 1.00000000000000E+0000
 1.16326416647662E+0001
 1.34475181528421E+0001
 7.56720086609225E+0000
 2.11468464276344E+0000
 9.87688340595138E-0001
-1.40282690720275E-0001
-5.59572213955042E+0000
-1.14809082632852E+0001
-9.67284141872356E+0000
 9.51056516295155E-0001
 1.15740158733547E+0001
 1.33792679103021E+0001
 7.48939352717315E+0000
 2.02739699391498E+0000
 8.91006524188368E-0001
-2.46263261405100E-0001
-5.71089687448523E+0000
-1.16051634989118E+0001
-9.80605453012594E+0000
 8.09016994374949E-0001
 1.14232901167761E+0001
 1.32200046671896E+0001
 7.32174997111963E+0000
 1.85153856887037E+0000
 7.07106781186548E-0001
-4.38022835520275E-0001
-5.91032703616552E+0000
-1.18120674346652E+0001
-1.00202280507475E+0001
 5.87785252292473E-0001
 1.11952184822526E+0001
 1.29853182193929E+0001
 7.08068031723954E+0000
 1.60432361555068E+0000
 4.53990499739547E-0001
-6.96790649883891E-0001
-6.17449101085439E+0000
-1.20813668717292E+0001
-1.02943971841552E+0001
 3.09016994374948E-0001
 1.09121262104397E+0001
 1.26981813115787E+0001
 6.78978214288571E+0000
 1.30995125603469E+0000
 1.56434465040231E-0001
-9.97236707884659E-0001
-6.47753058817066E+0000
-1.23867009048845E+0001
-1.06017243453223E+0001
 2.01932654625425E-0016
 1.06017243453223E+0001
 1.23867009048845E+0001
 6.47753058817066E+0000
 9.97236707884659E-0001
-1.56434465040231E-0001
-1.30995125603469E+0000
-6.78978214288571E+0000
-1.26981813115787E+0001
-1.09121262104397E+0001
-3.09016994374947E-0001
 1.02943971841552E+0001
 1.20813668717292E+0001
 6.17449101085439E+0000
 6.96790649883891E-0001
-4.53990499739547E-0001
-1.60432361555068E+0000
-7.08068031723954E+0000
-1.29853182193929E+0001
-1.11952184822526E+0001
-5.87785252292474E-0001
 1.00202280507475E+0001
 1.18120674346652E+0001
 5.91032703616552E+0000
 4.38022835520275E-0001
-7.07106781186548E-0001
-1.85153856887038E+0000
-7.32174997111963E+0000
-1.32200046671896E+0001
-1.14232901167761E+0001
-8.09016994374947E-0001
 9.80605453012594E+0000
 1.16051634989118E+0001
 5.71089687448523E+0000
 2.46263261405100E-0001
-8.91006524188368E-0001
-2.02739699391498E+0000
-7.48939352717315E+0000
-1.33792679103021E+0001
-1.15740158733547E+0001
-9.51056516295153E-0001
 9.67284141872356E+0000
 1.14809082632852E+0001
 5.59572213955042E+0000
 1.40282690720275E-0001
-9.87688340595138E-0001
-2.11468464276344E+0000
-7.56720086609225E+0000
-1.34475181528421E+0001
-1.16326416647662E+0001
-9.99999999999999E-0001
 9.63362854403477E+0000
 1.14514646959856E+0001
 5.57607693688609E+0000
 1.30455240134486E-0001
-9.87688340595138E-0001
-2.10485719217765E+0000
-7.54755566342792E+0000
-1.34180745855425E+0001
-1.15934287900774E+0001
-9.51056516295154E-0001
 9.69225433544628E+0000
 1.15197149385256E+0001
 5.65388427580519E+0000
 2.17742888982944E-0001
-8.91006524188368E-0001
-1.99887662149283E+0000
-7.43238092849311E+0000
-1.32938193499159E+0001
-1.14602156786750E+0001
-8.09016994374947E-0001
 9.84298009202481E+0000
 1.16789781816381E+0001
 5.82152783185871E+0000
 3.93601314027552E-0001
-7.07106781186548E-0001
-1.80711704737765E+0000
-7.23295076681282E+0000
-1.30869154141625E+0001
-1.12460421580534E+0001
-5.87785252292472E-0001
 1.00710517265483E+0001
 1.19136646294349E+0001
 6.06259748573880E+0000
 6.40816267347248E-0001
-4.53990499739547E-0001
-1.54834923301404E+0000
-6.96878679212395E+0000
-1.28176159770985E+0001
-1.09718730246457E+0001
-3.09016994374947E-0001
 1.03541439983612E+0001
 1.22008015372490E+0001
 6.35349566009263E+0000
 9.35188626863239E-0001
-1.56434465040231E-0001
-1.24790317501327E+0000
-6.66574721480769E+0000
-1.25122819439432E+0001
-1.06645458634786E+0001
 6.67868538251071E-0017
 1.06645458634786E+0001
 1.25122819439432E+0001
 6.66574721480768E+0000
 1.24790317501327E+0000
 1.56434465040231E-0001
-9.35188626863239E-0001
-6.35349566009263E+0000
-1.22008015372490E+0001
-1.03541439983612E+0001
 3.09016994374947E-0001
 1.09718730246457E+0001
 1.28176159770985E+0001
 6.96878679212395E+0000
 1.54834923301404E+0000
 4.53990499739547E-0001
-6.40816267347248E-0001
-6.06259748573880E+0000
-1.19136646294349E+0001
-1.00710517265483E+0001
 5.87785252292473E-0001
 1.12460421580534E+0001
 1.30869154141625E+0001
 7.23295076681282E+0000
 1.80711704737765E+0000
 7.07106781186548E-0001
-3.93601314027552E-0001
-5.82152783185871E+0000
-1.16789781816381E+0001
-9.84298009202481E+0000
 8.09016994374948E-0001
 1.14602156786750E+0001
 1.32938193499159E+0001
 7.43238092849311E+0000
 1.99887662149283E+0000
 8.91006524188368E-0001
-2.17742888982944E-0001
-5.65388427580519E+0000
-1.15197149385256E+0001
-9.69225433544627E+0000
 9.51056516295154E-0001
 1.15934287900774E+0001
 1.34180745855425E+0001
 7.54755566342792E+0000
 2.10485719217765E+0000
 9.87688340595138E-0001
-1.30455240134486E-0001
-5.57607693688609E+0000
-1.14514646959856E+0001
-9.63362854403477E+0000
 1.00000000000000E+0000
 1.16326416647662E+0001
 1.34475181528421E+0001
 7.56720086609225E+0000
 2.11468464276344E+0000
 9.87688340595138E-0001
-1.40282690720275E-0001
-5.59572213955042E+0000
-1.14809082632852E+0001
-9.67284141872356E+0000
 9.51056516295153E-0001
 1.15740158733547E+0001
 1.33792679103021E+0001
 7.48939352717315E+0000
 2.02739699391498E+0000
 8.91006524188368E-0001
-2.46263261405100E-0001
-5.71089687448523E+0000
-1.16051634989118E+0001
-9.80605453012594E+0000
 8.09016994374949E-0001
 1.14232901167761E+0001
 1.32200046671896E+0001
 7.32174997111963E+0000
 1.85153856887037E+0000
 7.07106781186548E-0001
-4.38022835520275E-0001
-5.91032703616552E+0000
-1.18120674346652E+0001
-1.00202280507475E+0001
 5.87785252292472E-0001
 1.11952184822526E+0001
 1.29853182193929E+0001
 7.08068031723954E+0000
 1.60432361555068E+0000
 4.53990499739547E-0001
-6.96790649883891E-0001
-6.17449101085439E+0000
-1.20813668717292E+0001
-1.02943971841552E+0001
 3.09016994374948E-0001
 1.09121262104397E+0001
 1.26981813115787E+0001
 6.78978214288571E+0000
 1.30995125603469E+0000
 1.56434465040231E-0001
-9.97236707884659E-0001
-6.47753058817066E+0000
-1.23867009048845E+0001
-1.06017243453223E+0001
-6.48895000232574E-0017
 1.06017243453223E+0001
 1.23867009048845E+0001
 6.47753058817066E+0000
 9.97236707884659E-0001
-1.56434465040231E-0001
-1.30995125603469E+0000
-6.78978214288571E+0000
-1.26981813115787E+0001
-1.09121262104397E+0001
-3.09016994374946E-0001
 1.02943971841552E+0001
 1.20813668717292E+0001
 6.17449101085439E+0000
 6.96790649883891E-0001
-4.53990499739547E-0001
-1.60432361555068E+0000
-7.08068031723954E+0000
-1.29853182193929E+0001
-1.11952184822526E+0001
-5.87785252292472E-0001
 1.00202280507475E+0001
 1.18120674346652E+0001
 5.91032703616552E+0000
 4.38022835520274E-0001
-7.07106781186548E-0001
-1.85153856887038E+0000
-7.32174997111963E+0000
-1.32200046671896E+0001
-1.14232901167761E+0001
-8.09016994374947E-0001
 9.80605453012594E+0000
 1.16051634989118E+0001
 5.71089687448523E+0000
 2.46263261405100E-0001
-8.91006524188368E-0001
-2.02739699391498E+0000
-7.48939352717315E+0000
-1.33792679103021E+0001
-1.15740158733547E+0001
-9.51056516295153E-0001
 9.67284141872356E+0000
 1.14809082632852E+0001
 5.59572213955042E+0000
 1.40282690720275E-0001
-9.87688340595138E-0001
-2.11468464276344E+0000
-7.56720086609225E+0000
-1.34475181528421E+0001
-1.16326416647662E+0001
-1.00000000000000E+0000
 9.63362854403477E+0000
 1.14514646959856E+0001
 5.57607693688609E+0000
 1.30455240134486E-0001
-9.87688340595138E-0001
-2.10485719217765E+0000
-7.54755566342792E+0000
-1.34180745855425E+0001
-1.15934287900774E+0001
-9.51056516295152E-0001
 9.69225433544627E+0000
 1.15197149385256E+0001
 5.65388427580519E+0000
 2.17742888982943E-0001
-8.91006524188368E-0001
-1.99887662149283E+0000
-7.43238092849311E+0000
-1.32938193499159E+0001
-1.14602156786750E+0001
-8.09016994374948E-0001
 9.84298009202481E+0000
 1.16789781816381E+0001
 5.82152783185871E+0000
 3.93601314027552E-0001
-7.07106781186548E-0001
-1.80711704737765E+0000
-7.23295076681282E+0000
-1.30869154141625E+0001
-1.12460421580534E+0001
-5.87785252292472E-0001
 1.00710517265483E+0001
 1.19136646294349E+0001
 6.06259748573880E+0000
 6.40816267347248E-0001
-4.53990499739547E-0001
-1.54834923301404E+0000
-6.96878679212395E+0000
-1.28176159770985E+0001
-1.09718730246457E+0001
-3.09016994374947E-0001
 1.03541439983612E+0001
 1.22008015372490E+0001
 6.35349566009263E+0000
 9.35188626863239E-0001
-1.56434465040231E-0001
-1.24790317501327E+0000
-6.66574721480769E+0000
-1.25122819439432E+0001
-1.06645458634786E+0001
 2.02322967407520E-0015
 1.06645458634786E+0001
 1.25122819439432E+0001
 6.66574721480768E+0000
 1.24790317501327E+0000
 1.56434465040231E-0001
-9.35188626863239E-0001
-6.35349566009263E+0000
-1.22008015372490E+0001
-1.03541439983612E+0001
 3.09016994374947E-0001
 1.09718730246457E+0001
 1.28176159770985E+0001
 6.96878679212395E+0000
 1.54834923301404E+0000
 4.53990499739547E-0001
-6.40816267347248E-0001
-6.06259748573880E+0000
-1.19136646294349E+0001
-1.00710517265483E+0001
 5.87785252292474E-0001
 1.12460421580534E+0001
 1.30869154141625E+0001
 7.23295076681282E+0000
 1.80711704737765E+0000
 7.07106781186548E-0001
-3.93601314027552E-0001
-5.82152783185871E+0000
-1.16789781816381E+0001
-9.84298009202481E+0000
 8.09016994374948E-0001
 1.14602156786750E+0001
 1.32938193499159E+0001
 7.43238092849311E+0000
 1.99887662149283E+0000
 8.91006524188368E-0001
-2.17742888982944E-0001
-5.65388427580519E+0000
-1.15197149385256E+0001
-9.69225433544627E+0000
 9.51056516295154E-0001
 1.15934287900774E+0001
 1.34180745855425E+0001
 7.54755566342792E+0000
 2.10485719217765E+0000
 9.87688340595138E-0001
-1.30455240134485E-0001
-5.57607693688609E+0000
-1.14514646959856E+0001
-9.63362854403477E+0000
 1.00000000000000E+0000
 1.16326416647662E+0001
 1.34475181528421E+0001
 7.56720086609225E+0000
 2.11468464276344E+0000
 9.87688340595138E-0001
-1.40282690720275E-0001
-5.59572213955042E+0000
-1.14809082632852E+0001
-9.67284141872356E+0000
 9.51056516295153E-0001
 1.15740158733547E+0001
 1.33792679103021E+0001
 7.48939352717315E+0000
 2.02739699391498E+0000
 8.91006524188368E-0001
-2.46263261405100E-0001
-5.71089687448523E+0000
-1.16051634989118E+0001
-9.80605453012594E+0000
 8.09016994374948E-0001
 1.14232901167761E+0001
 1.32200046671896E+0001
 7.32174997111963E+0000
 1.85153856887037E+0000
 7.07106781186548E-0001
-4.38022835520275E-0001
-5.91032703616552E+0000
-1.18120674346652E+0001
-1.00202280507475E+0001
 5.87785252292474E-0001
 1.11952184822526E+0001
 1.29853182193929E+0001
 7.08068031723954E+0000
 1.60432361555068E+0000
 4.53990499739547E-0001
-6.96790649883891E-0001
-6.17449101085439E+0000
-1.20813668717292E+0001
-1.02943971841552E+0001
 3.09016994374948E-0001
 1.09121262104397E+0001
 1.26981813115787E+0001
 6.78978214288571E+0000
 1.30995125603469E+0000
 1.56434465040231E-0001
-9.97236707884659E-0001
-6.47753058817066E+0000
-1.23867009048845E+0001
-1.06017243453223E+0001
-3.35181101623894E-0016
 1.06017243453223E+0001
 1.23867009048845E+0001
 6.47753058817066E+0000
 9.97236707884659E-0001
-1.56434465040231E-0001
-1.30995125603469E+0000
-6.78978214288571E+0000
-1.26981813115787E+0001
-1.09121262104397E+0001
-3.09016994374946E-0001
 1.02943971841552E+0001
 1.20813668717292E+0001
 6.17449101085439E+0000
 6.96790649883891E-0001
-4.53990499739547E-0001
-1.60432361555068E+0000
-7.08068031723954E+0000
-1.29853182193929E+0001
-1.11952184822526E+0001
-5.87785252292472E-0001
 1.00202280507475E+0001
 1.18120674346652E+0001
 5.91032703616552E+0000
 4.38022835520274E-0001
-7.07106781186548E-0001
-1.85153856887037E+0000
-7.32174997111963E+0000
-1.32200046671896E+0001
-1.14232901167761E+0001
-8.09016994374947E-0001
 9.80605453012594E+0000
 1.16051634989118E+0001
 5.71089687448523E+0000
 2.46263261405100E-0001
-8.91006524188368E-0001
-2.02739699391498E+0000
-7.48939352717315E+0000
-1.33792679103021E+0001
-1.15740158733547E+0001
-9.51056516295154E-0001
 9.67284141872356E+0000
 1.14809082632852E+0001
 5.59572213955042E+0000
 1.40282690720275E-0001
-9.87688340595138E-0001
-2.11468464276344E+0000
-7.56720086609225E+0000
-1.34475181528421E+0001
-1.16326416647662E+0001
-1.00000000000000E+0000
 9.63362854403477E+0000
 1.14514646959856E+0001
 5.57607693688609E+0000
 1.30455240134486E-0001
-9.87688340595138E-0001
-2.10485719217765E+0000
-7.54755566342792E+0000
-1.34180745855425E+0001
-1.15934287900774E+0001
-9.51056516295152E-0001
 9.69225433544627E+0000
 1.15197149385256E+0001
 5.65388427580519E+0000
 2.17742888982944E-0001
-8.91006524188368E-0001
-1.99887662149283E+0000
-7.43238092849311E+0000
-1.32938193499159E+0001
-1.14602156786750E+0001
-8.09016994374949E-0001
 9.84298009202481E+0000
 1.16789781816381E+0001
 5.82152783185871E+0000
 3.93601314027552E-0001
-7.07106781186548E-0001
-1.80711704737765E+0000
-7.23295076681282E+0000
-1.30869154141625E+0001
-1.12460421580534E+0001
-5.87785252292473E-0001
 1.00710517265483E+0001
 1.19136646294349E+0001
 6.06259748573880E+0000
 6.40816267347248E-0001
-4.53990499739547E-0001
-1.54834923301404E+0000
-6.96878679212395E+0000
-1.28176159770985E+0001
-1.09718730246457E+0001
-3.09016994374947E-0001
 1.03541439983612E+0001
 1.22008015372490E+0001
 6.35349566009263E+0000
 9.35188626863239E-0001
-1.56434465040231E-0001
-1.24790317501327E+0000
-6.66574721480769E+0000
-1.25122819439432E+0001
-1.06645458634786E+0001
